<complete>
0 9
1 23
2 17
3 11
4 29
5 2
6 0	
7 0	
8 8	
9 0	
10 1
<professor>
0 1
1 1
2 1
3 2
4 1
5 1
6 1
7 1
8 1
9 0
10 1
11 1
12 2
13 0
14 2
15 2
<day>
0 12
1 15
2 12
3 11
4 8
5 1
<time>
0 14
1 17
2 14
<course>
0 1 1 6 1 7 001026 01188 01194 012652 01269 015902 053340
1 1 2 5 3 8 000548 015687 036721 053300 053370 053380 053390 059201
2 2 1 5 1 6 00020 015554 015593 015634 019285 053341
3 2 2 6 1 7 015576 015602 015623 015643 015704 047513 057530
4 3 1 6 1 7 01358 015565 015615 015712 015733 015752 038473
5 0
6 0
7 0
8 0
9 0
<EOF>

