<complete>
0 9
1 23
2 23
3 16
4 20
5 2
6 0	
7 2	
8 8	
9 1	
10 3
<professor>
0 1
1 1
2 2
3 1
4 1
5 1
6 1
7 0
8 1
9 0
10 1
11 0
12 2
13 0
14 3
15 2
<day>
0 12
1 14
2 12
3 11
4 9
5 1
<time>
0 17
1 23
2 19
<course>
0 1 1 7 1 8 001026 001188 01194 012652 01269 01590 036721 053340
1 1 2 4 4 8 000548 015687 053300 053351 053370 053380 053390 059201
2 2 1 5 1 6 00020 015554 015593 015634 019285 053341
3 2 2 5 2 7 015576 015602 015623 015643 047513 052284 057530
4 3 1 6 1 7 01358 015565 015615 015712 015733 015752 038473
5 0
6 0
7 0
8 0
9 0
<EOF>

