<complete>
0 9
1 23
2 17
3 14
4 30
5 5
6 0
7 6
8 3
9 0
10 0
<professor>
0 2
1 0
2 1
3 1
4 2
5 1
6 1
7 2
8 1
9 0
10 1
11 1
12 0
13 2
14 2
15 2
<day>
0 11
1 14
2 14
3 9
4 9
5 0
<time>
0 18
1 15
2 15
<course>
0 1 1 7 1 8 01188 01194 012654 01269 015905 036376 036721 053341 
1 1 2 5 1 6 000548 015576 015687 040396 053300 059201 
2 2 1 6 0 6 00020 015554 015593 015634 019285 040161 
3 2 2 5 2 7 015602 015623 015643 015704 018934 047513 057530 
4 3 1 5 1 6 015565 015615 015712 015752 016326 038473 
5 0
6 0
7 0
8 0
9 0
<EOF>