000304 092 0 0 0 0 1 1 0 1 0 1 0 0 0 1 1 1 0 1 1 0 0 0 0 1 1 0 0 0 0 1 0 0 0 0 0 0 1 0 1 1 0 0 0 0 0 0 0 0 1 0 0 1 1 1 0 0 1 0 1 1 0 1 0 1 1 1 1 1 1 1 1 1 1 0 0 0 1 1 1 1 0 1 1 0 1 0 0 1 0 0 0 1 1 0 0 0 1 0 1 1 0 1 1 0 0 1 1 1 1 1 1 0 0 0 1 0 0 1 1 0 1 0 0 0 0 0 1 0 1 1 0 1 0 0 0 0 0 0 0 0 0 1 1 1 0 1 1 1 0 0 1 1 0 1 0 1 1 1 0 1 0 0 0 1 1 0 0 1 1 0 0 1 1 0 0 1 0 0 0 1 0 1 0 0 0 1 0 0 0 0 0 0 0 0 1 1 1 0 0 0 0 0 0 1 0 0 0 1 0 0 1 0 0 1
000313 100 0 0 1 0 0 1 1 0 0 0 1 0 1 0 1 1 0 1 1 0 1 1 1 1 0 0 1 1 0 0 0 1 0 0 0 1 0 1 1 0 1 1 0 0 1 0 1 1 1 0 0 0 1 1 0 0 0 0 0 0 0 0 0 1 1 0 0 0 1 0 0 1 1 1 1 1 0 0 1 0 0 0 1 0 0 1 1 0 0 0 0 1 0 0 1 0 1 1 0 1 1 0 0 1 0 0 1 0 1 0 1 0 1 0 1 1 0 1 0 1 1 0 0 0 0 1 0 0 1 1 1 1 1 1 1 0 0 0 1 1 1 0 1 0 1 0 1 0 1 0 0 1 0 0 0 0 0 0 1 1 1 1 1 0 1 0 1 1 0 0 1 0 0 1 0 0 1 1 0 0 1 1 1 0 1 0 1 0 1 0 0 0 1 0 0 0 1 1 1 0 0 1 1 0 0 1 0 0 1 0 0 1 1 1
000383 098 0 1 0 1 0 1 0 1 0 0 0 0 1 1 1 1 1 1 1 0 0 1 1 0 0 0 0 0 0 1 0 1 1 0 0 1 0 1 1 1 1 0 0 1 0 1 1 0 1 0 0 0 1 0 0 1 0 1 1 0 1 0 1 0 0 0 1 0 0 1 0 1 1 1 1 0 1 0 0 0 0 1 1 0 0 1 0 0 1 1 0 0 0 0 0 1 1 1 0 0 1 1 1 1 0 0 0 1 1 0 1 0 0 0 0 1 1 1 1 0 1 1 0 0 1 0 1 1 1 1 1 0 0 1 0 0 0 0 0 0 1 1 1 1 0 0 0 1 1 1 0 0 1 0 0 1 0 1 0 0 0 0 0 1 0 0 0 1 0 0 1 1 0 0 1 1 0 1 1 0 0 0 0 0 0 1 0 0 0 0 1 0 1 0 1 0 1 1 0 0 0 1 1 1 1 0 0 1 1 0 0 0 1 1
000534 111 0 0 1 0 1 1 1 1 0 0 1 0 1 0 1 1 1 1 1 1 0 1 0 0 0 1 1 0 0 0 1 0 1 0 1 0 1 1 0 1 1 1 1 1 0 1 1 0 1 0 1 1 0 0 0 1 0 0 1 0 1 1 1 0 0 1 1 0 0 1 0 0 0 1 0 0 1 0 0 0 0 0 1 0 1 1 1 0 0 0 1 0 1 1 1 1 1 0 0 1 0 0 1 1 1 0 1 0 1 0 1 0 0 1 0 1 0 0 0 1 0 1 1 0 0 1 1 1 0 1 0 0 0 0 0 1 1 0 1 1 1 0 1 0 1 0 1 1 0 1 0 0 1 0 1 1 1 1 0 1 1 1 1 1 1 1 0 0 0 0 1 0 0 1 1 0 0 0 1 0 1 0 1 1 0 0 0 1 0 0 0 0 1 1 1 1 0 0 1 1 0 0 1 1 0 0 0 1 1 1 1 1 1 0
000901 111 1 0 0 1 0 1 0 0 0 1 1 1 0 1 0 0 0 1 1 1 1 1 1 0 1 1 1 0 0 0 0 0 0 1 1 0 0 0 0 1 0 1 0 1 0 1 1 1 1 1 1 1 0 1 0 1 0 1 0 1 0 1 1 0 0 0 0 1 1 1 1 1 1 0 1 0 0 1 0 1 1 0 1 0 0 0 1 1 1 0 1 0 1 0 1 0 0 1 1 0 1 1 1 0 0 1 1 1 1 0 0 0 0 1 0 0 0 1 1 1 1 0 0 0 0 0 1 0 0 1 1 0 0 1 0 1 1 0 0 0 0 1 0 0 1 1 1 0 0 1 1 1 1 0 1 0 1 0 1 0 1 1 1 1 1 0 1 0 1 0 0 0 0 1 0 0 1 0 1 0 0 0 1 0 0 0 1 0 0 1 1 0 1 0 0 1 1 1 1 1 1 0 0 1 1 0 1 0 1 1 0 1 1 1
001327 120 1 1 1 1 1 0 0 0 1 1 0 1 0 0 0 1 0 0 0 0 0 1 0 1 1 1 1 1 0 1 1 0 1 1 0 1 1 0 0 1 1 0 0 0 1 1 0 0 0 1 1 0 1 0 1 1 1 1 1 0 1 0 1 1 0 0 1 1 0 1 0 0 1 0 0 0 0 1 0 1 1 0 1 1 1 1 1 1 1 0 1 0 0 0 1 0 1 0 0 1 1 0 1 1 1 0 1 1 1 0 1 1 1 0 0 1 1 1 1 0 1 0 1 0 0 1 1 1 1 0 1 0 0 0 1 1 1 0 1 0 1 0 1 1 1 1 0 0 1 0 1 0 0 1 0 1 0 1 0 0 0 1 0 0 0 1 1 1 1 1 1 1 0 1 0 0 1 1 1 1 0 1 1 0 1 1 0 0 0 0 0 1 0 1 0 1 1 1 1 1 0 0 0 0 1 1 1 0 0 1 1 0 1 1
001515 103 0 1 0 1 0 0 0 1 0 0 0 1 1 0 1 0 1 0 0 1 1 1 0 0 1 1 0 1 1 0 0 0 0 1 1 0 1 0 0 1 1 1 0 1 1 1 1 1 1 0 1 1 1 1 1 1 0 1 1 0 1 0 0 0 0 1 1 1 0 0 0 1 0 0 1 0 0 1 0 1 1 1 0 0 0 1 0 0 1 0 1 1 0 0 1 1 1 0 0 1 1 0 0 0 1 0 1 1 0 0 1 1 0 1 0 0 0 1 0 0 0 1 0 0 0 0 0 0 1 0 0 1 0 1 1 0 1 0 1 1 0 0 0 1 0 0 0 0 0 1 1 0 0 1 1 1 1 0 0 0 0 0 0 0 1 1 1 1 1 1 0 1 1 0 1 0 0 0 1 1 0 1 0 1 0 0 0 0 1 1 0 1 1 0 1 1 0 1 0 0 0 0 0 1 1 1 1 1 1 1 1 0 0 0
001571 094 1 0 1 1 0 0 1 0 1 1 0 1 0 1 0 0 0 1 1 0 1 1 1 0 1 1 0 1 0 1 1 0 0 0 0 1 1 1 0 0 1 0 1 0 1 1 0 1 1 0 1 0 0 1 0 1 0 1 0 0 0 0 1 0 0 1 0 0 0 0 1 0 0 0 1 0 0 0 0 1 0 1 0 1 0 0 1 0 1 0 1 0 1 0 1 1 0 0 0 1 1 0 0 1 1 0 0 1 0 0 1 1 0 1 0 1 1 0 1 0 0 0 0 0 0 0 0 0 0 0 0 0 1 0 1 1 1 0 0 0 0 1 0 0 0 1 1 1 0 1 0 1 0 0 1 1 1 0 1 1 1 1 1 0 0 1 0 0 0 1 1 1 0 0 0 0 1 1 0 1 1 1 0 0 0 1 0 0 0 1 1 0 1 0 1 0 0 1 0 0 1 0 0 1 1 0 0 1 0 1 1 0 0 0
018663 104 0 0 0 0 0 1 0 1 0 1 1 0 1 0 0 1 1 0 0 0 0 1 0 0 1 0 1 1 0 0 1 1 1 0 1 0 0 1 1 0 1 0 1 1 0 1 1 0 1 0 0 1 1 1 1 1 0 0 0 0 1 0 0 0 1 1 1 1 1 0 1 1 0 0 1 1 1 0 0 0 1 1 0 1 1 1 1 0 1 0 0 0 0 0 0 0 1 1 1 1 1 1 1 1 1 1 0 0 1 0 1 0 0 0 0 1 1 1 1 1 0 1 0 0 0 1 0 0 1 0 0 1 1 0 0 0 0 0 1 1 1 1 0 0 0 1 1 1 0 0 0 1 0 0 0 1 0 0 1 0 1 1 0 1 0 0 0 0 1 0 0 1 1 1 0 1 1 0 0 1 0 0 1 0 1 0 1 1 1 0 0 1 1 0 1 1 1 0 0 0 1 1 0 1 1 0 0 1 0 1 0 0 0 0
018738 108 1 0 0 0 1 1 0 1 1 0 1 0 0 0 0 1 0 0 0 0 1 1 0 1 1 1 0 1 0 0 1 1 0 1 1 1 1 1 0 0 1 1 0 0 1 0 1 0 0 0 1 1 0 0 0 0 1 0 1 1 0 0 1 1 0 1 0 1 1 1 0 0 0 0 0 0 1 0 0 0 1 1 0 0 1 1 0 1 0 1 0 1 1 1 1 1 1 0 1 0 0 0 0 1 1 1 1 1 0 1 1 1 0 0 0 1 1 0 0 0 1 0 0 0 1 0 1 1 1 0 0 0 0 0 1 1 1 0 1 1 1 0 1 0 0 0 1 0 1 0 1 0 0 1 1 1 0 1 0 1 0 1 1 1 1 1 0 1 1 0 0 0 1 1 0 1 1 1 0 1 0 1 0 1 1 1 1 1 1 1 0 0 1 1 0 1 0 1 0 1 0 0 0 1 0 0 0 0 0 0 1 0 1 0
018793 108 0 1 0 1 1 0 0 0 1 1 0 1 1 0 0 1 1 1 0 1 1 0 1 1 0 0 0 0 0 0 0 0 1 0 1 0 1 0 1 0 1 0 1 0 1 1 1 0 0 1 1 1 1 1 1 1 1 1 1 1 1 0 0 0 1 1 0 0 0 1 0 0 0 1 1 0 0 0 1 1 1 1 1 0 0 1 0 1 1 0 0 0 1 0 0 0 0 0 1 1 0 0 0 0 0 1 0 1 0 0 1 0 1 0 0 1 1 1 1 1 1 0 0 0 0 1 0 1 1 0 0 0 0 1 0 0 1 1 0 0 0 0 1 1 1 0 0 1 1 1 0 0 0 0 1 0 0 1 0 1 1 0 1 1 1 1 0 1 1 0 1 0 0 1 1 0 0 0 1 1 1 0 0 1 1 0 1 1 0 1 0 1 1 0 0 1 1 1 1 1 1 0 1 0 0 0 0 1 0 1 1 0 1 1
019021 109 0 0 0 0 1 1 1 1 0 0 1 0 0 0 1 0 1 1 1 1 1 1 1 1 1 0 0 1 0 1 1 0 1 1 0 0 0 1 0 1 0 0 0 0 1 1 1 1 1 1 0 0 0 0 0 1 1 1 1 0 0 0 1 0 0 0 1 1 1 1 0 1 0 0 0 1 0 0 1 0 1 0 1 1 0 1 1 0 1 0 0 1 1 0 0 0 1 0 1 0 1 0 1 1 0 0 1 0 0 0 0 0 0 0 1 0 1 0 0 0 1 0 0 1 1 1 0 1 0 1 0 1 0 1 1 1 1 0 0 1 1 0 0 1 1 1 1 0 1 0 1 1 1 1 1 0 0 1 1 1 0 0 1 1 0 0 1 0 1 0 0 1 0 1 0 0 1 0 0 1 1 0 1 0 0 1 1 1 1 1 1 0 0 0 0 1 0 0 1 0 0 1 1 1 1 0 1 0 1 1 1 0 1 0
019031 094 0 1 1 1 0 0 1 0 1 0 1 0 0 0 1 1 1 0 0 1 1 0 1 0 1 0 0 0 0 1 1 0 1 0 1 1 0 0 0 0 0 0 0 0 0 1 0 1 0 1 1 1 1 0 0 0 0 0 1 0 0 1 0 1 1 0 0 0 0 1 0 0 0 0 1 1 0 1 0 0 1 0 0 0 0 0 0 1 0 1 0 1 0 0 0 0 0 0 0 1 1 1 0 1 1 0 1 1 1 1 1 1 0 0 1 0 0 0 1 0 1 0 1 0 1 1 1 1 1 0 1 0 0 0 1 0 0 0 0 1 1 1 0 1 0 0 0 1 1 1 1 0 0 1 1 0 1 1 0 0 1 0 0 1 0 0 0 0 1 0 0 0 0 0 1 0 0 0 0 0 0 1 1 1 1 1 1 0 1 1 0 1 0 1 0 0 0 0 1 0 1 0 1 1 0 1 0 1 0 1 1 1 1 0
019041 099 1 0 1 0 1 0 0 1 0 0 0 0 0 0 0 0 0 0 0 0 1 1 0 0 0 1 1 1 0 1 0 1 1 1 0 1 0 0 1 0 0 1 1 0 0 0 0 1 1 0 1 0 0 1 0 0 0 1 1 0 0 0 1 1 0 0 1 0 1 1 0 0 0 1 1 0 0 0 1 1 1 1 0 1 1 1 1 0 0 0 0 1 0 0 0 1 1 0 1 1 1 1 0 1 1 0 1 0 1 1 1 0 0 1 0 1 0 1 0 1 0 0 1 1 1 1 0 0 1 0 0 1 0 0 0 0 1 1 0 0 1 0 0 1 1 1 0 1 0 1 0 0 1 1 1 0 0 1 0 0 0 0 1 0 0 1 0 0 0 0 1 0 1 0 1 1 0 1 1 1 1 1 0 1 0 1 0 0 0 1 0 0 0 1 1 1 0 0 0 0 1 0 0 0 1 1 1 1 0 0 1 1 1 1
030571 104 1 1 1 1 0 0 1 0 0 0 0 1 1 0 0 0 1 0 1 1 0 0 1 1 1 0 1 0 0 0 0 0 1 1 0 0 0 0 0 1 1 1 1 1 1 0 0 1 0 1 0 1 0 0 1 1 0 0 1 0 1 1 0 0 0 0 0 0 0 1 1 1 0 0 1 0 0 0 0 0 0 0 1 0 0 1 1 0 0 0 1 1 0 1 1 1 1 0 1 1 1 0 0 0 0 0 1 1 0 1 1 1 1 0 1 1 1 1 0 1 0 1 1 0 1 1 1 0 0 1 1 0 0 1 0 1 0 0 0 1 1 1 0 1 0 1 0 1 1 0 0 0 1 1 1 0 0 0 0 0 0 0 1 0 1 0 1 1 0 0 0 0 1 1 0 1 1 1 1 1 0 0 0 0 1 1 0 1 0 0 0 0 0 1 1 0 1 1 1 0 1 1 1 0 0 1 1 0 1 1 0 1 1 0
030742 106 1 1 1 1 0 1 0 0 1 1 1 0 1 0 0 0 1 1 1 0 1 0 0 1 1 1 0 1 0 1 0 1 1 0 0 1 0 0 0 1 1 1 1 1 1 1 0 0 1 0 1 1 1 0 1 0 0 1 1 1 1 1 1 0 1 0 0 0 0 0 0 1 1 0 1 1 0 0 0 1 0 0 0 0 0 1 0 1 0 0 1 0 0 1 0 0 0 1 1 0 0 0 1 0 1 0 1 1 1 0 0 1 1 1 0 0 1 1 1 0 0 0 1 1 0 1 0 0 0 0 1 1 1 0 0 0 0 1 0 0 1 1 1 1 0 0 0 0 1 1 0 1 0 1 0 0 0 0 1 1 1 0 1 0 0 1 0 1 1 1 1 1 0 0 0 1 0 0 0 1 0 1 1 1 1 1 0 0 1 0 0 1 1 0 0 0 0 0 1 1 0 0 1 1 0 1 1 1 0 0 1 1 0 0
047442 117 0 0 1 1 0 0 1 0 1 0 1 1 1 0 1 1 0 0 1 0 0 1 1 0 0 1 0 1 0 1 0 1 0 1 0 1 1 0 1 1 1 1 1 1 1 0 0 0 1 1 0 0 0 0 0 0 1 0 0 0 1 1 0 1 0 1 0 1 0 0 0 0 1 0 0 1 1 1 0 0 1 0 0 0 1 0 0 1 1 0 1 0 1 1 0 1 1 1 1 1 1 1 1 0 1 1 0 0 0 0 1 1 1 1 0 1 0 1 1 1 1 0 0 1 0 0 0 0 0 1 1 1 1 0 0 1 0 0 1 0 1 1 1 0 1 1 0 1 0 1 1 1 1 0 0 1 0 0 0 1 0 1 0 0 0 0 1 0 1 1 1 1 1 1 1 1 1 1 1 1 1 0 0 1 1 1 0 1 0 1 1 0 0 1 0 1 1 1 1 0 1 0 1 1 0 1 1 0 0 0 1 1 0 1
049650 104 1 1 1 1 1 0 0 1 0 0 1 1 0 0 0 1 0 0 0 1 1 1 1 0 0 0 1 1 0 1 0 1 0 0 1 1 1 1 0 0 1 1 0 1 1 0 0 1 0 1 1 0 0 0 0 1 0 1 1 1 0 0 0 0 0 1 1 0 0 1 1 1 1 1 0 1 0 0 0 1 0 0 1 1 0 1 0 1 1 1 0 0 1 0 1 0 1 1 0 1 0 0 1 1 0 0 0 1 0 1 0 1 0 0 1 1 0 0 0 0 1 1 0 1 0 0 1 0 1 1 0 0 0 0 1 1 0 1 1 0 1 1 0 0 1 1 0 1 1 0 0 1 0 0 1 1 1 0 0 0 1 0 0 0 0 0 0 1 0 0 1 0 1 1 1 0 0 1 0 1 1 0 0 0 1 0 1 1 0 1 1 1 1 0 0 0 1 1 0 1 0 0 1 1 0 0 0 0 1 1 0 0 1 1
053440 101 1 1 1 1 1 0 0 1 0 0 0 1 0 0 1 1 1 0 0 0 1 0 1 1 1 1 0 1 1 0 1 0 0 1 1 0 1 0 1 0 1 1 0 1 0 1 1 0 0 0 0 1 1 1 1 0 0 0 0 0 1 0 0 1 1 1 1 0 0 0 0 1 0 0 0 1 1 1 0 0 1 1 1 0 1 0 0 1 0 0 0 1 1 1 0 0 0 0 1 0 1 0 0 0 0 0 1 1 0 0 0 1 0 1 0 0 0 1 0 0 0 1 1 0 0 0 0 0 0 0 0 0 1 0 0 0 1 1 1 0 0 0 1 1 0 1 1 1 1 0 0 1 1 1 0 1 1 0 1 1 0 0 1 1 1 0 0 0 1 1 0 0 0 0 0 1 1 0 1 1 0 0 0 0 1 1 1 1 1 0 0 1 1 1 0 0 0 0 1 0 0 1 1 1 0 1 0 1 1 1 0 0 1 1
054901 112 0 0 0 1 1 0 1 0 0 0 1 1 1 0 1 0 0 1 0 0 1 0 1 1 1 0 0 1 1 0 1 1 1 0 0 0 0 0 0 0 0 0 1 1 0 0 1 0 0 0 0 0 1 1 1 0 0 0 1 1 1 0 0 1 1 1 0 0 1 1 1 0 0 1 0 1 0 1 1 0 1 0 0 1 1 1 1 1 0 1 0 1 1 1 1 0 0 1 1 0 0 0 0 0 1 1 1 1 0 1 1 1 0 1 1 1 0 1 1 0 0 1 0 1 0 1 0 0 0 1 0 1 0 0 1 0 0 1 0 0 1 1 1 1 0 0 1 0 1 1 0 1 1 1 1 0 0 1 1 0 0 0 1 1 0 0 1 0 1 1 1 1 1 1 0 0 1 1 1 1 1 0 1 1 0 0 0 0 1 0 0 1 1 1 1 1 1 1 0 0 0 0 0 0 1 1 0 0 1 1 0 1 1 1
054911 125 0 1 0 0 1 0 1 1 0 1 1 1 1 1 0 1 0 1 1 1 0 0 1 0 1 0 1 0 1 1 0 0 1 1 0 1 0 0 1 0 0 0 1 1 0 0 1 0 0 1 0 1 0 0 0 0 1 0 0 1 0 1 0 0 1 0 1 1 1 1 0 0 0 0 1 1 1 0 1 1 0 1 0 0 1 1 1 1 0 1 1 0 0 1 0 0 1 1 0 0 0 1 1 1 0 1 1 0 1 1 1 0 1 0 1 1 0 1 1 0 1 0 0 1 1 1 1 1 1 1 0 1 1 1 0 1 1 1 0 0 1 1 1 0 1 1 1 1 0 1 1 1 0 0 0 1 0 1 1 0 1 1 0 1 0 1 0 1 1 1 0 0 1 1 1 1 1 1 1 1 0 0 1 1 0 1 0 1 0 0 0 0 1 1 1 1 0 0 1 1 1 1 1 1 1 0 1 0 1 1 0 0 1 1
056312 122 0 1 1 1 1 1 1 1 1 1 0 1 0 1 0 0 1 1 0 0 0 0 0 0 0 0 0 0 1 1 0 0 1 1 0 0 0 0 0 0 1 1 1 1 0 1 1 1 1 0 0 1 1 1 1 1 0 1 0 1 1 1 0 0 1 0 0 1 1 1 0 0 1 1 0 1 0 1 0 0 1 0 1 1 1 0 0 0 0 0 1 0 0 1 0 1 1 1 1 0 1 0 0 1 1 0 1 1 0 1 0 1 0 1 1 1 1 1 0 1 1 0 1 1 0 0 1 1 1 1 0 0 1 1 1 1 1 0 1 0 1 1 1 1 1 0 1 0 0 0 1 1 1 1 1 1 1 1 1 0 0 0 1 0 1 1 1 1 1 0 1 1 0 1 0 1 0 1 1 0 0 1 0 1 0 0 1 0 1 0 1 1 1 1 1 0 1 1 1 1 0 0 0 1 0 1 0 0 1 1 0 0 0 0
057530 106 0 1 1 0 1 0 0 1 0 0 1 1 1 0 1 0 1 1 1 1 1 0 0 0 0 1 0 0 0 0 1 1 1 0 0 1 0 1 0 1 0 0 0 0 1 0 1 1 0 1 0 1 0 0 1 0 1 0 0 1 0 0 1 0 1 0 1 0 1 0 1 0 0 0 0 0 1 0 0 1 0 0 1 1 1 1 1 0 1 0 1 1 0 0 1 1 0 0 0 0 1 0 1 1 1 0 0 1 0 1 1 1 0 1 0 1 1 0 0 0 1 1 1 0 0 0 1 0 0 1 0 1 1 1 1 0 0 1 1 1 1 1 0 0 1 0 1 1 1 0 1 1 0 0 0 0 0 1 0 1 0 1 1 1 0 1 1 0 0 1 1 0 0 1 0 1 0 0 1 0 1 1 0 0 0 1 0 1 1 1 1 1 1 0 0 1 0 1 0 0 0 0 1 1 0 0 0 0 1 1 0 1 1 1
060430 095 1 1 0 0 0 1 0 0 0 1 1 1 0 0 1 1 0 0 1 1 0 0 0 0 0 0 0 1 1 0 1 0 0 0 1 1 0 0 0 1 0 0 1 1 1 1 1 1 0 0 1 1 1 1 0 0 1 0 1 1 0 0 1 1 0 0 0 0 0 1 1 1 0 0 0 1 0 1 1 0 1 0 0 0 0 0 1 1 0 0 0 1 0 1 1 0 0 0 0 1 0 1 1 0 1 0 0 1 0 0 0 0 0 1 0 0 1 0 1 0 1 0 1 0 0 1 0 0 1 1 0 0 0 1 1 0 0 1 1 1 0 0 1 1 0 1 1 1 0 0 1 0 1 1 0 1 1 0 1 1 0 1 1 1 1 0 0 1 1 0 0 0 0 0 1 1 1 0 0 1 0 1 0 0 0 0 0 0 1 0 0 1 0 0 0 0 1 0 0 1 0 0 0 1 0 1 0 0 1 1 0 1 1 1
062212 113 1 0 0 0 1 1 1 1 1 1 0 1 1 0 1 1 0 0 1 1 1 0 0 0 0 0 1 0 1 1 0 1 1 0 1 1 0 0 1 0 1 0 0 1 1 0 0 1 0 0 0 0 1 0 1 1 0 1 1 0 1 1 1 0 1 0 1 1 0 0 0 0 1 0 1 0 0 0 1 1 0 0 0 0 0 0 0 0 1 0 0 0 1 0 1 0 1 1 1 0 0 0 0 0 1 0 1 1 0 0 0 0 1 0 0 0 1 0 1 0 0 1 0 1 1 0 1 1 1 1 1 0 0 0 1 1 0 1 0 1 0 1 0 1 0 1 1 1 1 1 0 1 0 1 1 1 1 0 1 1 1 0 1 0 0 0 1 1 1 1 1 1 1 1 1 1 1 1 0 1 0 0 0 1 0 1 0 1 1 0 1 1 1 0 0 0 1 1 1 0 0 0 1 1 0 1 0 1 1 1 1 0 1 1
062221 097 0 0 0 1 1 1 1 1 0 1 0 0 0 1 0 1 1 0 1 0 0 0 1 0 0 0 0 0 0 1 1 0 0 1 0 0 1 0 1 0 1 1 0 1 0 1 0 1 1 1 0 0 1 0 1 1 0 1 1 1 0 0 0 1 1 1 0 1 1 1 1 0 1 0 0 0 1 0 0 0 0 1 1 0 0 0 0 0 0 0 0 0 1 1 0 1 1 0 0 1 0 0 1 0 0 0 1 0 0 1 0 0 0 1 0 1 1 0 0 0 1 0 0 1 1 1 0 0 1 0 1 0 0 0 0 0 1 0 1 0 0 0 1 0 1 0 0 0 1 1 1 0 1 0 0 1 0 0 0 0 0 1 0 0 1 1 1 1 1 0 1 0 1 0 1 1 1 0 0 0 1 1 1 1 1 1 0 1 1 1 0 0 0 0 1 1 0 1 1 1 0 0 1 0 0 1 1 0 0 1 0 1 1 0
062231 095 0 1 0 1 1 1 0 0 1 0 0 0 0 1 1 0 0 1 0 0 1 0 0 0 1 0 0 1 1 0 0 0 0 1 0 1 1 0 0 1 1 0 0 0 1 0 0 0 0 0 0 1 0 0 0 0 1 1 0 0 0 0 0 0 0 0 1 1 1 1 1 1 1 0 0 1 1 1 1 1 0 1 1 0 0 0 1 0 0 0 0 1 1 1 1 1 0 0 1 0 0 1 1 0 0 0 0 1 1 0 1 0 0 0 1 1 0 0 0 1 1 0 0 1 1 1 0 0 0 1 1 0 1 0 0 0 1 1 1 1 1 1 0 0 1 1 1 0 0 0 1 0 0 1 1 1 0 0 0 0 1 0 1 1 1 1 1 1 0 0 0 0 0 0 0 1 1 1 0 0 0 1 1 0 0 1 0 0 0 1 1 0 1 0 0 0 0 1 0 0 0 1 1 1 1 0 1 0 0 0 1 1 0 1
075910 114 0 1 0 0 0 1 1 1 1 1 0 1 0 1 0 1 1 1 1 1 0 0 0 1 0 0 1 0 0 0 0 1 0 0 1 0 0 1 1 1 0 0 0 1 0 0 0 1 0 1 0 0 1 0 0 1 1 1 1 1 0 0 1 1 0 0 0 0 0 0 1 1 1 1 0 1 1 1 1 1 1 0 0 0 0 1 0 0 1 0 1 1 0 1 1 1 1 0 0 0 1 1 1 0 1 1 1 0 1 1 1 1 0 1 0 0 0 0 1 0 1 1 0 0 1 0 0 1 0 1 0 1 0 1 1 0 1 1 0 0 0 0 0 0 1 0 0 1 1 1 0 0 1 1 0 1 1 0 1 1 1 0 0 0 1 1 0 0 1 1 1 0 0 1 1 1 1 0 1 0 1 1 0 0 1 1 1 1 1 1 1 1 0 0 1 1 1 0 1 0 1 0 1 0 0 1 0 1 0 1 0 1 1 1
079140 099 0 0 0 0 0 0 1 0 0 0 0 0 0 0 0 0 0 0 1 1 1 1 0 1 1 0 1 0 0 0 0 0 1 0 1 0 0 1 1 0 1 0 0 0 0 0 1 1 1 0 0 1 0 1 1 1 1 1 1 0 1 1 0 0 0 0 0 1 1 1 0 0 0 1 0 1 0 0 1 0 1 1 0 0 1 0 1 0 1 0 0 0 1 1 1 0 0 1 1 1 1 0 0 0 0 1 1 0 1 1 1 1 1 1 1 0 0 0 0 1 0 0 1 0 0 0 1 1 0 1 1 1 0 1 0 1 0 1 0 0 1 1 1 1 0 1 1 1 1 0 0 1 0 1 1 0 1 1 0 0 0 1 1 0 0 1 1 0 0 1 0 1 0 0 0 0 1 0 1 1 0 0 1 0 1 0 1 1 1 0 1 0 0 0 0 1 0 0 0 0 0 1 1 0 0 0 1 0 0 1 1 1 1 1
079150 111 1 0 1 0 0 1 0 1 0 0 0 1 1 1 0 1 1 1 0 0 1 1 0 0 1 1 0 0 0 0 1 0 1 1 1 0 1 1 0 0 1 0 0 1 1 0 1 0 0 1 0 1 1 1 0 1 0 1 1 0 1 0 0 0 1 1 0 0 1 1 0 1 1 1 0 1 1 1 1 0 0 0 0 0 1 1 0 0 1 1 0 1 0 1 0 1 1 1 0 1 1 0 1 0 0 1 1 1 0 0 0 0 0 0 0 1 1 0 1 0 0 0 1 1 1 0 0 1 0 0 1 1 0 0 0 1 1 1 1 1 1 0 1 1 0 1 0 1 0 1 1 1 1 1 1 1 0 0 1 1 0 0 0 0 0 0 1 0 0 0 1 1 1 0 1 0 1 1 0 1 1 0 0 0 1 1 1 0 0 0 0 1 1 1 0 0 1 1 1 0 0 1 0 0 1 1 1 0 1 1 0 1 0 0
079160 106 0 0 0 1 0 1 0 1 1 1 0 1 1 0 0 0 0 0 1 1 0 0 1 1 0 1 0 0 0 1 0 1 1 1 1 1 0 1 1 0 1 1 0 1 0 0 0 0 1 1 0 1 1 1 1 1 1 1 0 0 0 1 1 1 0 1 1 0 0 0 1 0 1 1 1 1 0 1 1 0 1 1 0 1 0 1 0 0 0 1 0 1 1 1 1 1 0 0 1 0 0 0 1 0 0 0 0 1 0 1 0 0 0 0 0 0 1 1 0 0 1 0 0 1 1 1 0 1 1 1 0 0 0 1 1 0 1 1 1 0 1 0 1 1 0 1 1 1 1 0 0 0 0 1 1 0 0 1 1 0 1 0 1 0 0 0 0 0 0 0 0 1 0 0 0 1 0 1 0 0 0 1 1 0 1 1 0 1 0 0 1 0 1 0 0 0 1 1 1 1 0 0 0 0 0 1 1 1 0 1 1 1 1 0
079170 103 0 1 1 0 0 0 0 0 1 1 0 0 0 1 0 1 1 1 0 1 0 0 1 0 1 0 0 1 0 0 1 0 1 1 1 1 1 0 0 0 1 1 1 0 1 1 0 0 1 0 1 1 1 1 0 0 0 1 0 1 1 1 1 1 0 0 0 1 0 1 0 1 0 1 0 0 0 1 1 0 0 1 0 0 1 1 0 1 1 0 0 0 1 1 1 0 1 0 1 0 0 1 0 0 1 1 1 0 0 0 0 0 1 1 0 1 1 0 1 1 0 0 0 0 0 0 1 1 0 0 1 1 0 1 0 0 0 0 0 0 0 1 1 1 1 1 0 1 0 0 1 1 0 1 1 0 0 0 1 1 1 1 1 0 1 1 0 1 1 0 1 0 0 0 0 0 0 1 1 1 0 0 1 0 0 0 1 0 0 0 1 1 0 0 0 1 1 1 1 0 1 0 0 1 1 0 0 1 1 1 0 0 0 1
079180 121 0 0 1 1 0 1 0 0 1 0 1 1 1 1 1 1 0 0 0 1 1 1 1 0 1 0 0 0 1 1 1 1 0 1 0 1 0 1 1 0 0 1 1 1 0 0 0 1 1 1 1 1 1 0 0 0 1 1 0 1 1 1 1 0 0 1 0 0 0 1 0 0 0 1 1 1 0 1 1 1 1 1 0 0 1 0 0 1 0 1 1 0 0 0 1 0 1 0 1 1 0 1 1 0 0 0 1 0 1 1 0 1 1 0 0 0 0 1 0 1 1 0 1 0 0 1 1 0 0 1 0 1 1 1 1 1 1 0 1 1 1 1 0 0 1 1 1 1 0 1 0 1 0 0 1 0 1 0 1 0 1 1 1 1 0 1 1 1 1 0 1 1 1 1 0 1 0 1 0 0 1 1 1 0 1 1 1 1 1 0 0 0 1 1 1 1 0 0 0 0 1 1 1 1 0 0 0 0 0 0 0 0 1 1
079190 115 0 0 0 0 1 1 1 0 0 1 0 1 0 1 1 0 1 0 1 0 1 1 0 0 0 1 1 0 0 1 1 1 1 0 0 1 0 1 1 0 1 1 0 1 1 1 1 1 1 1 1 1 1 1 0 1 1 0 0 0 1 1 0 1 1 1 0 1 1 0 0 1 0 0 0 0 1 0 1 1 0 0 0 1 0 1 1 0 0 1 0 0 1 0 0 1 1 0 1 1 0 1 0 1 0 0 1 1 1 1 1 1 0 1 1 0 1 0 1 1 1 1 0 1 0 0 1 0 1 0 0 0 0 0 1 1 0 0 0 0 1 0 1 1 1 1 0 1 0 0 1 1 1 1 1 1 1 1 0 0 0 1 0 1 1 0 0 1 1 0 1 1 0 0 1 0 1 0 1 1 1 1 0 0 0 0 0 1 1 0 0 0 1 0 1 1 0 0 1 1 1 0 1 0 0 0 0 0 1 1 1 0 1 0
083832 102 0 0 0 1 1 0 1 0 1 1 1 0 1 0 0 0 0 1 1 0 0 0 0 1 1 0 0 1 1 1 1 1 0 0 0 0 0 0 0 0 1 0 1 0 1 1 0 0 1 1 0 0 0 0 0 1 0 0 0 1 0 1 0 1 0 1 0 0 0 0 1 1 0 0 1 1 0 0 0 1 1 0 1 1 0 1 1 0 1 1 0 0 0 1 0 0 1 0 0 0 1 1 1 0 0 0 0 1 1 1 1 0 0 0 0 0 0 0 1 1 0 0 1 0 1 1 0 0 1 1 0 0 0 0 0 0 0 1 1 0 1 0 0 1 0 1 1 1 1 1 1 1 0 1 1 1 1 0 0 0 1 1 1 0 1 0 1 1 1 0 0 0 1 0 1 1 1 0 1 0 1 1 0 1 0 0 1 1 0 1 1 1 1 1 1 1 1 0 0 1 1 0 0 1 1 0 0 1 0 0 1 0 1 0
083880 116 0 1 1 0 0 1 0 1 0 1 0 0 1 1 0 1 1 1 0 0 1 0 1 1 1 0 1 0 0 0 1 1 1 1 0 0 1 1 1 0 1 1 0 1 1 1 0 0 1 0 0 0 0 1 0 0 0 1 0 1 1 1 1 1 1 0 1 1 0 1 1 1 1 1 0 0 1 0 0 0 1 1 1 1 0 0 1 1 1 0 0 0 1 0 0 1 1 1 1 0 0 0 0 0 1 0 0 1 0 0 0 1 1 1 1 0 0 1 1 1 0 1 1 0 0 1 0 0 1 1 1 1 1 0 0 1 1 0 1 0 1 0 0 0 1 0 1 0 0 1 1 1 1 1 0 0 1 1 1 1 1 1 0 0 0 0 0 1 0 1 1 1 1 0 0 1 1 0 1 1 1 1 0 1 0 1 0 1 0 0 0 1 1 0 0 1 0 1 1 0 1 1 1 1 0 1 0 1 0 0 0 0 0 1
089940 103 1 0 0 1 0 1 1 1 0 1 1 0 0 0 0 0 1 1 1 0 0 0 0 0 0 1 1 0 0 1 0 1 0 0 0 1 0 1 1 0 1 0 0 1 0 1 1 0 1 1 0 0 0 0 1 1 1 0 0 0 0 1 1 1 1 0 1 0 1 1 1 1 1 1 1 1 1 1 1 0 0 0 0 1 1 0 1 0 0 0 0 0 0 1 0 1 1 0 0 0 1 0 1 1 0 1 0 1 0 1 0 0 1 0 1 0 0 0 1 1 1 0 1 1 0 1 1 1 0 1 0 0 1 1 1 0 1 1 0 0 1 0 1 0 0 1 0 0 1 1 1 0 0 0 0 1 1 0 1 0 1 0 0 0 1 0 0 1 0 0 0 1 1 1 0 0 1 1 0 0 0 1 1 0 0 1 1 0 0 0 1 1 1 1 1 1 0 0 0 1 1 0 1 0 1 0 0 0 0 1 1 0 0 0
089961 105 0 1 1 1 0 0 0 1 1 1 0 1 0 0 0 0 0 1 0 0 0 0 1 0 0 0 0 1 1 1 1 0 1 1 0 1 1 0 1 1 1 1 0 0 0 1 0 0 0 0 0 1 0 0 0 0 0 1 1 1 0 0 1 0 1 1 1 1 1 1 1 1 1 1 0 1 0 0 0 1 1 0 1 1 0 1 1 1 0 0 0 1 1 0 0 1 0 1 1 1 0 0 1 1 1 1 1 1 0 1 1 0 1 0 1 0 1 0 1 1 0 0 0 0 1 1 0 1 0 0 0 1 0 1 0 0 0 1 1 0 0 0 1 1 1 1 0 0 1 0 1 0 0 1 1 0 0 0 1 1 1 0 1 1 1 1 0 0 1 0 0 0 0 0 0 0 0 0 0 0 0 0 0 0 1 0 1 1 1 0 1 0 1 1 1 0 1 0 0 0 0 0 1 0 0 1 1 1 1 1 1 1 1 0
089971 114 1 1 1 0 0 0 0 0 1 0 1 0 0 1 0 0 1 0 1 0 1 0 0 0 1 1 0 1 1 0 1 0 1 1 0 1 1 1 0 1 1 1 1 0 1 1 0 1 1 1 0 1 0 0 1 1 0 0 1 1 0 1 0 0 1 1 1 1 1 1 1 0 1 1 1 1 1 0 0 1 0 0 1 1 1 1 0 1 1 1 1 1 0 0 1 0 0 1 0 1 0 0 0 0 1 0 0 1 1 0 0 0 1 0 0 0 0 0 0 0 0 1 0 0 1 0 1 0 0 1 1 1 0 0 1 1 0 1 1 1 0 1 1 1 1 0 1 1 1 1 1 0 0 1 1 0 1 0 1 0 1 1 0 0 1 1 1 1 0 0 0 1 1 1 1 0 0 0 1 1 0 0 0 0 0 1 1 0 1 0 1 1 0 1 1 1 0 1 0 0 0 1 0 1 1 1 1 0 0 1 0 0 0 0
089981 110 1 0 1 1 1 1 1 0 0 0 0 1 0 0 1 1 1 0 0 0 0 0 1 1 0 0 1 1 0 0 0 0 0 0 0 0 0 1 1 0 0 0 1 1 1 1 0 0 1 0 0 1 1 1 0 0 0 0 0 1 1 0 0 0 0 0 1 1 1 1 0 0 0 1 0 0 0 0 1 0 0 0 0 0 1 1 0 1 0 1 0 1 1 1 1 1 0 1 1 0 1 0 1 0 1 0 0 1 1 0 1 1 1 0 1 1 0 0 0 1 1 1 0 1 1 0 1 0 0 0 0 1 1 1 0 1 0 0 1 1 0 1 0 1 0 0 1 1 1 0 1 1 1 1 1 1 1 0 0 1 1 1 1 1 1 1 1 1 0 1 0 0 1 0 1 1 1 1 1 1 1 0 0 0 1 0 1 0 1 1 1 0 0 0 0 0 0 0 1 0 0 1 0 1 1 1 1 0 0 1 0 1 1 1
108840 117 0 1 1 1 0 1 1 1 1 1 1 0 0 0 1 1 1 1 1 0 0 1 0 0 1 1 1 0 1 1 1 1 0 1 1 1 1 1 1 0 0 0 1 0 1 0 1 1 1 1 1 0 0 1 0 1 1 0 0 1 0 0 0 0 0 1 0 0 1 1 0 1 1 0 1 0 0 0 1 1 0 1 0 0 0 0 1 1 1 1 0 1 1 0 0 0 1 0 0 0 1 0 1 0 1 1 0 0 0 1 0 0 0 1 1 1 1 0 1 1 1 1 0 1 0 1 1 0 0 0 0 0 1 1 1 0 1 0 0 0 0 0 0 1 1 1 1 1 0 1 1 0 0 0 1 1 1 1 1 0 0 0 1 1 1 0 0 1 0 1 0 0 0 1 1 1 0 1 1 1 1 1 0 0 1 1 1 1 1 1 0 1 1 0 1 0 1 0 0 1 0 1 0 0 1 0 0 0 0 1 1 1 1 0
108850 100 0 1 0 1 1 0 1 0 0 1 0 0 0 1 1 1 1 1 1 0 0 1 0 0 0 1 0 0 0 0 1 1 1 1 0 1 0 1 1 0 0 0 0 0 0 1 1 0 0 0 0 0 0 1 1 0 1 1 0 0 0 0 1 1 0 1 0 0 1 1 0 1 1 0 1 1 1 0 1 0 1 0 1 0 0 1 1 0 0 1 1 0 1 0 1 1 0 1 0 1 0 1 0 1 0 1 0 1 0 0 1 0 1 1 0 0 0 0 1 0 1 1 1 0 0 0 1 1 0 0 1 0 1 1 0 1 0 0 0 1 0 1 0 1 0 0 0 1 0 0 1 1 0 1 0 0 1 0 0 1 1 0 0 1 1 0 1 1 1 0 1 0 0 1 0 0 0 0 1 1 1 0 1 1 1 0 0 1 0 1 0 0 1 0 1 1 0 1 0 1 0 0 0 0 0 0 1 1 1 0 0 1 0 1
108860 105 0 0 0 1 0 0 0 1 1 0 1 0 0 1 1 1 1 0 0 1 1 1 0 1 0 0 0 0 0 0 0 1 1 0 1 0 0 0 1 1 1 0 0 0 0 1 0 1 1 1 0 0 0 1 0 0 1 0 1 0 0 0 1 0 1 0 1 1 0 1 0 0 1 0 1 0 1 1 0 0 1 1 0 0 1 0 0 1 1 0 0 1 0 1 0 1 0 1 0 1 0 1 0 0 0 0 1 1 1 1 0 0 1 0 1 1 0 0 1 0 0 1 1 1 0 1 1 1 0 1 1 1 0 1 1 0 0 1 0 1 0 0 1 1 1 0 0 1 1 0 1 0 1 0 1 0 0 0 0 0 1 0 1 1 0 1 1 1 1 1 0 0 0 0 0 0 1 1 0 1 0 1 0 0 1 1 1 1 0 0 0 1 0 0 1 1 1 1 1 1 1 1 1 1 1 0 0 1 1 0 1 0 0 0
054930 118 0 0 1 1 1 0 1 0 1 0 0 0 0 0 1 1 1 1 1 1 1 1 0 1 1 1 0 1 0 1 1 0 1 1 0 1 1 0 0 1 0 0 0 0 0 0 0 1 1 0 0 1 0 1 1 0 1 0 1 0 0 1 1 0 1 0 1 0 1 1 0 1 1 1 1 1 1 0 1 0 0 1 1 0 1 0 1 0 1 0 1 1 0 1 0 1 1 1 1 1 0 1 1 1 0 1 1 1 0 1 0 1 0 1 1 0 0 1 0 1 0 1 0 1 0 1 1 1 0 1 1 0 0 0 1 0 0 0 1 1 1 1 1 1 1 0 1 1 1 0 0 0 1 1 1 1 0 0 0 0 1 0 1 1 0 1 0 1 0 0 1 1 0 1 1 1 0 0 1 0 1 1 0 0 1 0 1 0 0 1 0 0 0 0 1 1 1 1 1 1 1 0 0 1 1 0 1 0 1 0 0 0 0 0
001532 106 0 1 0 0 0 1 1 1 0 1 1 1 0 0 1 1 1 1 0 0 0 0 1 1 1 0 1 0 0 1 0 1 0 1 1 1 0 0 1 1 1 0 0 0 0 1 0 1 0 0 0 1 1 0 0 1 0 0 1 0 0 0 1 1 0 0 1 1 0 1 0 0 0 0 0 1 1 0 1 1 1 1 1 0 0 0 0 0 1 1 1 1 0 0 1 0 0 0 0 1 0 0 0 0 0 0 1 0 0 1 1 0 1 0 1 0 1 1 0 1 1 0 0 1 0 0 0 1 1 1 0 1 1 1 0 0 1 0 1 1 0 0 0 1 1 1 1 1 0 0 1 0 0 0 1 1 1 1 1 1 1 0 0 0 0 1 1 1 0 0 0 1 0 1 1 1 1 1 1 1 0 0 1 1 0 1 0 0 0 1 1 1 0 0 0 1 1 1 0 1 0 0 1 0 1 0 1 1 1 0 1 0 0 0
002341 119 0 0 1 1 1 1 1 1 1 0 1 1 1 0 0 1 0 0 1 0 0 1 0 1 0 1 0 0 0 0 0 1 0 1 1 1 1 1 1 1 0 1 1 0 1 0 0 1 0 0 1 0 1 0 0 0 0 1 1 1 1 1 0 1 0 1 1 0 1 1 1 1 0 0 0 1 0 1 1 1 0 1 1 0 0 1 0 0 0 1 0 0 0 0 1 1 1 1 0 0 1 0 1 1 1 1 1 0 0 1 0 0 1 0 1 1 0 0 1 1 1 1 0 1 1 1 0 0 0 1 0 1 1 0 1 0 1 1 0 0 0 1 1 1 0 0 0 0 0 1 0 1 1 1 0 0 1 1 1 0 1 0 0 1 0 0 0 1 0 1 0 0 0 0 1 1 1 1 1 1 0 1 1 1 1 0 1 1 0 1 1 0 1 0 1 1 0 0 0 1 1 1 1 1 1 1 1 1 0 1 1 0 0 1
002373 116 0 1 1 1 1 0 1 0 1 1 1 1 0 0 0 0 0 0 1 1 1 1 1 1 0 0 0 0 1 1 0 0 0 1 0 0 1 0 0 0 1 1 0 0 0 0 0 0 1 1 1 1 0 1 1 1 0 0 0 1 0 0 0 1 1 1 1 0 1 0 1 1 0 0 0 0 0 1 0 0 1 0 1 1 1 0 1 0 1 0 0 1 1 1 0 1 0 1 0 1 1 1 0 1 1 0 0 0 1 0 1 1 1 0 1 0 0 1 1 1 0 1 1 1 1 1 0 1 0 0 0 1 0 1 0 1 1 1 1 1 0 1 0 0 0 0 0 1 1 0 1 1 0 0 1 1 1 1 1 0 0 1 0 0 1 0 0 1 1 1 0 0 1 1 1 1 0 0 1 1 0 1 1 0 1 0 1 0 0 1 1 1 1 0 1 1 1 0 0 0 1 1 0 0 1 1 1 1 0 1 1 1 1 0
002383 107 0 1 0 0 1 0 1 1 0 0 0 1 1 1 1 0 0 1 0 0 0 1 1 1 1 1 0 1 1 0 0 0 1 1 0 0 0 0 1 0 1 0 1 1 1 1 0 0 0 0 1 1 0 1 1 1 0 0 0 0 1 1 1 1 1 1 1 1 0 0 1 0 0 0 1 0 1 0 0 0 0 0 1 0 0 1 0 1 0 1 0 0 0 1 0 0 0 1 1 0 1 0 0 0 0 1 1 1 0 1 0 1 1 0 0 1 0 0 0 1 1 1 1 0 1 0 1 1 1 1 0 0 0 1 1 0 1 1 1 1 1 0 1 1 1 1 1 0 0 0 0 1 1 0 1 0 0 1 1 0 1 0 0 0 0 1 1 0 0 1 0 1 0 1 0 1 0 0 1 0 1 0 0 0 1 1 1 0 0 1 0 1 0 1 1 1 0 1 0 0 0 1 1 1 0 0 0 1 1 1 1 1 0 0
002391 104 1 1 1 1 1 0 1 1 1 0 0 1 0 1 0 1 1 0 0 0 0 1 0 0 0 1 0 0 1 0 1 1 1 1 1 1 1 0 1 1 1 0 1 1 0 0 1 0 0 1 1 0 0 1 0 0 0 1 1 1 1 0 1 1 0 0 1 1 1 0 0 0 0 1 0 1 1 0 0 1 0 1 1 1 0 0 0 1 0 0 0 1 1 1 0 1 1 1 0 0 0 1 1 1 1 0 0 1 1 0 0 1 0 0 0 0 0 1 0 0 0 1 0 0 1 0 0 1 1 1 0 0 1 1 1 0 0 1 0 1 0 0 0 0 0 0 1 0 0 1 1 0 0 1 0 0 0 1 0 1 0 0 0 0 0 0 1 0 0 0 1 0 0 1 1 0 0 1 1 0 0 0 1 0 1 0 0 1 0 0 1 1 1 1 0 1 1 0 1 1 1 1 0 1 0 1 0 0 1 1 0 1 1 1
002472 109 0 0 0 0 1 1 0 0 0 0 1 1 1 0 1 0 1 1 0 0 1 0 1 0 0 1 0 1 0 1 1 0 1 1 1 0 1 0 1 0 1 0 1 0 0 0 1 0 1 0 1 0 1 0 1 0 0 0 0 1 1 0 1 1 1 1 0 1 0 0 1 1 1 1 0 1 1 0 0 0 0 1 1 1 1 1 1 1 0 1 1 0 0 0 0 1 0 1 1 0 1 0 1 0 1 1 0 1 1 0 1 0 0 0 1 1 1 1 1 0 0 1 0 0 1 0 1 0 1 1 1 0 0 1 1 0 1 1 1 1 0 1 1 0 0 1 0 0 1 1 1 0 0 1 1 1 1 0 0 0 1 0 0 1 0 1 0 1 0 0 0 1 0 1 0 0 0 0 0 0 0 0 0 0 1 1 1 1 1 1 1 1 0 0 0 1 0 1 0 0 0 0 1 0 1 0 1 1 0 1 1 0 1 1
010963 108 0 0 0 1 1 1 1 1 0 1 1 0 1 1 0 1 0 1 0 0 0 0 0 1 0 0 0 0 0 0 0 1 1 1 0 0 0 0 0 0 1 0 0 0 0 1 1 1 1 1 0 0 0 1 0 1 0 0 1 0 0 1 0 0 1 1 1 0 1 1 0 1 0 0 1 0 0 0 0 1 0 1 1 1 0 0 0 1 0 1 1 0 1 0 0 1 0 0 0 0 1 1 0 1 1 1 1 0 0 1 1 1 0 0 0 1 0 0 0 0 0 1 0 1 1 1 1 0 0 0 1 1 1 1 0 1 1 1 1 1 0 0 1 0 0 1 1 1 1 0 1 1 1 1 0 1 1 0 1 0 1 1 1 0 0 0 1 0 1 0 1 1 0 0 1 0 1 0 0 1 1 0 0 0 1 0 0 0 1 1 1 1 0 0 1 1 1 1 1 0 1 1 1 0 0 1 1 1 1 1 0 1 0 1
018841 113 1 0 0 1 1 0 1 0 1 1 1 0 1 0 1 1 0 0 1 0 1 1 1 1 0 0 1 0 1 1 1 1 1 1 0 0 0 1 1 1 0 0 0 1 1 0 1 1 0 0 0 0 1 0 1 1 1 0 1 0 1 1 0 1 0 1 1 1 0 0 1 0 0 1 1 1 1 1 1 1 0 1 0 1 0 1 0 1 1 0 0 1 0 1 1 0 1 1 0 0 1 0 0 0 1 1 1 0 1 1 0 0 1 0 0 0 1 1 0 1 1 0 0 1 1 0 1 0 0 1 0 0 1 1 1 1 0 0 0 0 1 1 0 0 1 0 0 0 1 1 0 1 1 1 1 0 0 1 0 1 0 0 0 1 0 1 1 1 1 1 0 1 1 0 0 0 1 0 1 0 1 1 0 1 1 0 1 1 0 1 0 0 1 0 0 1 0 0 1 0 0 1 0 0 0 0 0 0 1 1 0 1 1 0
018934 102 1 1 1 0 0 1 1 0 1 0 1 0 1 0 0 1 0 0 1 1 0 1 0 1 1 1 0 1 0 1 1 1 1 1 0 0 0 0 0 1 0 0 0 0 1 1 0 0 0 1 0 1 0 0 0 0 0 0 1 0 0 0 0 1 0 0 1 1 0 0 1 0 1 1 1 1 1 1 0 1 1 1 0 0 0 0 0 1 1 0 1 0 0 0 0 1 0 1 1 1 0 1 0 0 0 1 1 1 1 0 0 0 0 0 0 1 0 0 0 0 1 0 0 1 0 1 1 1 0 1 0 0 1 1 0 1 1 0 1 0 1 1 0 0 1 0 1 1 1 0 0 1 1 1 1 0 0 1 0 0 0 0 0 0 1 1 1 0 1 0 0 0 1 1 1 0 0 0 0 1 0 0 1 1 1 1 1 0 1 0 1 1 0 1 1 1 1 0 0 0 0 0 0 0 1 0 1 0 1 1 1 0 1 1
034211 100 1 1 0 0 1 0 1 1 1 0 1 0 0 1 0 0 0 0 1 1 0 1 0 1 0 0 0 0 1 1 1 1 0 1 0 1 0 0 0 1 1 1 1 1 0 0 1 1 1 0 1 0 0 0 1 0 0 0 1 0 0 0 1 0 0 1 0 0 1 1 1 0 1 1 0 0 1 0 1 0 0 1 0 0 1 0 0 0 0 0 1 1 1 1 0 0 1 1 0 1 0 0 1 0 1 1 1 0 0 0 1 1 1 0 1 0 0 0 0 1 0 0 0 0 0 0 0 0 0 1 1 0 1 0 1 0 1 0 0 0 0 0 1 0 0 1 1 0 1 1 1 0 1 1 1 0 0 1 1 0 0 0 0 0 1 1 1 0 1 0 1 1 0 1 1 1 1 0 0 1 1 0 0 1 1 1 0 1 1 0 1 0 1 1 1 0 0 0 1 0 0 0 1 1 0 0 1 0 0 1 0 1 1 0
034231 107 0 0 0 0 0 1 1 0 1 0 1 0 0 0 1 1 0 0 1 1 0 1 1 0 1 1 0 0 1 0 1 0 0 0 0 0 1 0 1 0 0 1 0 1 0 0 1 1 0 1 0 1 0 1 0 1 1 1 0 0 1 1 1 0 0 0 1 1 0 1 0 0 0 1 1 1 1 0 0 1 1 0 1 0 0 0 1 0 0 1 1 1 0 0 1 1 0 0 0 1 0 1 0 0 0 0 1 1 1 1 1 0 1 0 1 1 1 0 1 1 0 1 1 1 0 0 0 0 0 1 1 1 0 1 0 1 0 0 0 0 0 0 1 0 0 1 0 0 1 1 0 0 0 0 1 1 0 0 1 0 1 0 1 1 0 0 1 1 1 0 0 1 0 1 1 1 1 0 1 1 1 0 1 1 1 0 0 1 1 1 1 1 1 1 1 0 1 0 0 1 0 1 1 1 0 0 1 1 1 0 1 0 0 0
036081 114 0 0 1 1 1 1 1 1 1 0 1 1 0 0 1 0 0 1 0 0 0 1 0 0 1 1 0 1 1 1 1 0 0 1 1 0 1 0 1 0 1 0 0 0 1 0 1 1 0 0 1 1 0 0 1 0 0 1 0 1 0 1 1 1 1 1 0 1 0 1 1 1 1 1 0 0 1 0 0 0 1 1 0 1 1 1 0 0 1 0 0 0 1 0 0 0 1 1 0 1 1 1 0 0 1 1 0 1 0 0 0 0 0 1 1 1 0 1 1 1 0 0 0 0 0 1 1 0 1 1 1 1 1 1 1 0 0 1 1 0 1 0 0 1 1 0 0 1 1 1 1 0 0 1 1 0 1 1 0 1 0 1 0 0 0 0 1 1 1 1 1 0 0 1 0 1 0 0 0 0 1 0 1 0 1 1 1 0 1 1 0 1 0 1 1 1 0 0 1 1 1 0 0 1 1 1 0 1 0 0 0 1 0 0
040282 104 1 0 0 0 0 1 0 0 0 1 1 1 0 0 0 0 1 0 0 0 1 0 1 1 0 0 1 1 1 0 1 0 1 1 0 0 1 0 0 0 1 1 1 1 0 0 0 0 0 0 0 1 0 0 1 0 0 0 0 1 1 0 0 1 1 0 1 1 1 0 0 1 0 1 0 0 0 1 0 1 0 0 1 1 1 0 0 1 0 1 0 0 0 0 1 1 1 0 1 1 0 0 1 1 1 0 0 1 0 0 1 0 1 0 1 0 1 0 0 0 1 0 0 1 1 0 1 0 1 1 0 0 1 1 0 1 1 1 1 1 1 1 0 1 1 1 1 0 0 1 0 0 1 0 1 1 0 0 1 1 0 1 1 0 0 0 0 1 1 0 1 0 1 1 1 1 1 0 1 0 1 1 0 1 0 1 0 1 0 0 1 0 1 0 0 0 1 1 1 0 0 1 0 0 1 0 0 0 1 1 1 1 0 1
040291 103 0 0 1 0 1 1 1 1 0 0 1 1 0 1 0 1 0 1 0 0 0 1 0 0 1 1 1 1 1 1 1 1 1 0 0 1 0 1 0 0 0 1 0 0 0 1 0 0 1 0 0 0 0 0 1 1 0 0 1 0 0 1 1 0 1 0 1 1 0 1 1 0 1 1 0 0 0 0 1 0 0 0 1 1 0 0 1 0 0 0 1 1 1 1 1 0 0 1 0 1 0 0 1 1 1 1 1 0 1 1 1 0 1 0 1 1 0 0 1 1 0 0 0 1 0 1 0 0 1 0 1 1 0 0 0 0 1 1 1 0 0 1 0 1 1 1 1 1 1 0 0 0 1 1 0 0 1 1 0 0 1 0 1 1 0 1 0 0 1 1 0 1 1 1 0 0 0 1 1 0 0 0 0 1 1 0 0 0 0 0 1 1 0 0 0 1 0 1 0 0 0 0 1 0 0 0 1 1 0 0 1 0 1 1
040381 107 1 0 1 1 0 1 1 0 0 1 1 1 1 1 1 1 0 1 0 1 0 0 0 1 1 1 0 1 1 1 0 0 0 0 0 0 0 1 1 0 0 0 1 1 1 1 0 0 1 0 1 1 1 1 0 0 0 1 0 1 1 1 0 0 0 1 0 1 1 1 0 0 1 0 0 0 1 0 0 1 0 1 1 0 0 0 0 0 1 1 0 0 0 0 1 0 0 0 0 1 0 0 0 1 1 1 1 1 1 0 1 0 1 0 0 1 1 1 0 0 1 0 0 0 1 0 1 0 1 0 0 0 0 1 1 0 1 0 0 0 0 1 0 0 1 0 1 1 0 1 1 0 1 0 1 0 1 1 1 0 1 0 0 1 1 1 1 0 0 0 0 1 1 1 0 1 1 0 1 1 1 0 0 1 1 0 1 1 1 0 1 1 0 0 1 1 0 1 0 1 0 1 1 1 1 0 0 0 0 0 0 1 0 1
049670 106 1 0 0 0 1 0 0 0 0 1 1 0 0 0 0 1 0 1 0 1 1 1 1 1 0 1 0 1 0 0 0 1 1 0 1 1 0 1 1 1 1 0 0 0 0 1 1 0 1 1 0 0 0 0 0 1 1 0 1 0 1 1 0 0 1 0 0 0 1 0 1 0 1 0 1 0 0 1 1 0 0 1 1 0 0 1 0 1 1 0 1 0 0 0 1 0 0 0 0 1 0 0 1 1 1 1 1 0 1 0 1 1 0 0 1 1 0 0 0 0 0 0 1 0 0 1 1 1 0 1 1 1 1 1 1 1 0 1 1 1 0 0 1 1 1 0 0 1 0 1 1 0 1 0 1 1 0 1 0 1 0 0 1 1 0 0 0 0 0 1 1 0 1 0 1 0 1 1 1 1 0 1 0 1 1 0 0 0 1 1 0 1 0 0 1 0 0 0 0 0 1 0 0 1 1 1 0 1 0 0 1 1 1 1
049683 108 0 0 1 1 0 1 1 0 1 0 1 0 0 0 1 1 1 0 1 1 0 1 0 0 1 0 0 0 1 1 0 1 1 1 0 1 0 0 0 1 0 0 0 0 0 1 0 1 1 1 0 1 0 0 1 0 1 0 1 1 0 0 1 1 0 1 1 1 0 1 0 0 0 1 1 0 1 0 0 1 0 0 0 1 0 1 0 0 1 0 0 0 1 0 0 0 1 1 0 0 0 1 0 1 1 0 0 0 0 1 0 1 0 1 1 1 1 1 1 0 1 1 1 1 0 1 0 1 0 0 1 0 1 0 1 1 0 0 1 0 0 1 0 1 0 0 0 0 1 0 1 1 1 0 1 1 0 0 1 1 0 0 0 1 1 0 1 0 1 1 0 1 1 1 0 1 0 1 0 1 1 0 0 0 1 0 1 1 1 1 0 0 1 1 0 1 0 1 0 0 1 1 1 1 0 1 1 0 1 1 0 1 0 1
049930 103 1 0 0 1 1 0 0 0 0 0 0 0 1 0 1 1 1 0 0 0 1 1 0 0 1 0 0 0 1 0 1 1 1 1 1 1 1 0 1 0 0 0 0 1 0 1 0 1 0 0 1 1 0 0 1 1 0 1 1 1 0 0 1 0 1 1 0 0 1 1 0 1 0 1 1 0 0 1 0 1 0 0 1 1 1 1 0 0 1 0 0 1 0 0 0 0 1 0 1 0 1 1 0 1 1 1 0 1 1 1 0 1 0 1 0 1 0 1 1 0 1 1 0 1 1 0 1 0 0 1 0 1 0 0 0 1 1 1 0 1 1 1 1 0 0 0 0 1 1 0 1 0 1 0 0 0 1 0 0 0 0 1 0 1 0 1 1 1 1 0 1 0 1 1 1 0 1 0 1 1 1 1 0 0 0 1 0 0 0 0 0 1 0 0 0 1 1 1 0 0 0 0 0 0 1 0 0 1 1 1 0 0 0 0
053480 108 0 0 1 1 1 1 0 1 0 1 0 1 0 1 0 1 0 0 0 0 0 0 1 1 1 0 0 1 0 0 1 1 1 0 0 1 1 1 0 0 0 1 1 1 1 0 0 1 1 1 0 0 0 1 1 1 0 1 0 0 1 1 0 0 0 0 1 1 0 1 0 0 1 1 0 1 0 0 0 0 1 1 1 0 0 0 1 1 1 0 1 1 1 0 0 1 0 0 0 0 0 0 1 0 0 1 0 1 1 1 0 0 1 1 1 1 1 1 1 0 1 0 1 1 0 1 1 0 1 1 1 0 1 1 1 1 1 1 0 0 0 1 0 1 1 0 1 0 1 1 0 0 0 1 1 1 1 0 0 0 0 1 0 0 0 1 1 1 1 0 1 0 0 1 0 0 1 0 1 0 0 1 0 0 1 0 1 1 0 0 1 0 0 0 1 1 1 1 0 0 1 0 1 0 0 0 0 1 0 1 0 0 1 1
054920 102 1 1 0 0 0 1 0 0 0 1 0 0 1 1 0 0 1 0 1 1 0 0 0 1 0 1 0 1 0 0 1 1 0 1 1 1 1 0 0 0 0 1 0 0 1 1 1 1 1 1 0 1 1 0 0 1 1 0 0 0 1 0 0 0 0 0 0 0 1 1 0 0 0 0 0 0 1 1 0 1 1 0 0 1 0 1 1 1 1 0 1 0 0 1 0 1 1 0 0 0 0 1 1 1 1 1 1 0 1 0 1 0 0 0 0 1 1 1 1 1 0 0 1 0 1 1 0 1 0 0 1 1 0 1 0 1 0 0 1 0 1 1 0 1 0 0 1 0 0 0 0 1 1 1 1 0 1 0 0 1 1 0 1 1 1 0 1 0 0 1 0 1 0 1 0 1 0 1 1 1 1 0 0 0 0 0 1 1 1 0 1 0 0 1 0 0 1 0 0 0 0 0 1 0 1 1 1 0 1 0 0 1 0 0
054930 105 1 1 0 0 0 0 0 0 1 0 1 0 1 0 0 1 0 0 1 1 1 1 1 0 1 1 0 0 0 1 0 0 0 1 0 1 1 1 1 0 0 0 1 1 0 0 1 1 0 1 1 0 0 0 0 1 1 1 0 1 0 1 0 0 0 0 1 1 0 0 0 1 0 0 1 1 1 1 0 1 1 0 0 1 1 1 0 1 0 0 0 0 0 0 1 1 0 0 1 0 0 1 1 1 0 0 0 0 0 1 0 1 0 1 1 1 1 0 1 1 0 1 1 0 0 1 0 1 0 1 1 1 1 1 0 0 1 1 0 1 1 1 0 0 1 1 1 0 1 1 0 1 0 1 1 0 1 1 1 0 0 1 0 0 0 0 1 0 1 0 0 0 1 1 1 0 0 1 0 0 0 1 0 1 1 0 1 0 1 0 1 0 0 1 1 0 1 0 1 1 1 1 1 0 0 0 0 1 0 0 0 0 1 0
056160 105 1 0 0 1 0 0 1 1 1 1 1 0 0 0 0 0 1 1 1 1 0 0 0 0 0 1 0 0 0 1 1 0 1 1 1 0 0 1 1 0 1 1 0 0 0 1 1 1 0 1 1 1 0 1 0 1 0 0 1 0 1 1 0 0 0 0 1 0 0 0 0 1 1 1 0 1 0 1 0 1 0 1 0 0 1 1 1 0 0 1 0 0 1 1 0 1 1 1 1 0 1 1 0 0 0 0 0 1 1 0 0 0 1 0 0 0 1 1 0 0 0 1 0 0 1 0 1 1 1 1 0 0 1 1 0 1 1 0 0 1 1 0 0 0 1 1 0 0 1 1 1 0 0 1 1 1 1 0 0 0 1 0 0 0 0 1 0 1 0 1 0 0 0 0 0 1 1 1 1 0 1 1 1 1 0 0 1 0 1 1 1 0 0 0 1 0 1 0 1 1 0 0 1 0 0 1 0 1 1 0 0 1 1 1
056270 107 1 0 1 1 0 1 1 0 1 0 0 1 0 1 0 0 0 1 1 0 1 0 1 0 1 0 1 0 0 0 1 0 0 0 0 1 1 1 1 1 0 0 1 1 1 1 1 1 1 0 1 1 1 0 1 0 1 1 0 0 1 0 1 0 1 1 0 0 0 1 1 1 0 1 0 0 0 1 1 1 1 1 1 0 1 0 0 0 1 0 1 0 0 1 1 1 0 0 1 0 1 0 1 0 1 0 1 0 0 0 1 0 0 0 0 0 0 0 1 0 0 1 1 0 0 0 0 1 1 0 0 0 0 1 0 1 0 1 1 1 0 0 1 0 0 1 1 1 1 0 0 1 0 1 1 1 0 1 1 0 0 0 1 1 0 1 0 1 1 1 1 0 0 1 0 0 0 0 1 1 1 0 1 1 0 0 1 1 0 1 0 0 0 1 1 1 1 0 0 0 1 1 1 0 0 0 0 0 1 1 1 0 1 0
057330 114 1 0 0 0 1 1 1 0 1 1 0 1 0 0 0 0 1 0 0 0 1 1 0 0 1 1 1 0 1 0 0 1 0 1 0 1 0 1 1 1 0 0 1 0 1 0 0 1 1 1 0 1 1 0 1 1 1 1 1 0 1 0 1 0 1 0 0 0 1 1 0 1 1 0 1 1 1 0 1 0 1 1 0 0 0 1 1 0 1 1 1 1 0 1 1 0 1 1 1 0 0 0 1 1 1 0 1 1 0 0 1 1 1 1 1 0 1 0 0 1 0 1 1 1 1 1 0 1 1 0 0 0 0 0 1 0 1 1 0 1 0 1 1 1 1 1 0 1 0 1 1 0 0 0 0 0 0 1 0 0 0 0 0 0 1 1 0 0 0 0 1 0 1 0 1 0 1 0 1 1 0 1 1 0 1 0 1 1 1 0 0 0 1 1 1 1 1 1 0 0 1 1 0 0 1 0 1 0 0 0 1 1 0 0
060440 120 1 1 0 0 1 0 0 0 1 1 0 1 0 1 0 0 0 0 0 1 1 1 1 0 0 1 1 0 1 1 0 0 0 1 0 0 1 1 1 1 1 1 0 1 0 1 1 0 1 0 1 0 0 1 0 0 1 0 1 1 0 1 0 1 0 0 0 1 0 1 0 0 1 1 0 0 1 0 0 0 0 0 1 0 1 1 0 0 0 0 1 1 0 0 1 0 1 1 1 0 1 0 1 1 1 1 0 1 0 0 1 1 1 1 1 1 1 0 0 1 1 0 0 1 1 1 0 1 1 0 1 0 1 1 1 0 1 1 0 1 1 0 0 0 1 0 1 0 0 1 1 1 1 0 0 0 0 1 1 0 1 1 1 0 1 0 0 1 0 1 1 0 0 1 1 0 1 1 0 0 0 1 1 0 0 1 1 1 1 1 1 1 0 1 1 0 1 1 1 1 1 0 1 1 1 1 1 1 1 0 0 1 1 1
071680 109 1 0 1 1 1 1 0 0 0 1 1 1 1 1 1 0 0 1 0 1 1 1 0 1 0 1 1 0 1 1 0 1 1 0 0 1 1 1 1 1 1 1 1 1 1 1 0 0 0 0 1 0 0 1 1 1 0 1 1 0 1 1 1 1 0 0 1 1 1 0 0 0 0 0 0 1 1 0 1 1 0 0 0 1 0 1 1 1 1 0 0 1 0 1 1 1 0 1 0 0 0 1 0 0 1 0 1 1 0 0 0 0 1 1 1 1 1 0 0 0 1 0 0 0 0 0 1 0 0 0 0 1 1 1 1 1 0 1 0 0 0 1 0 0 1 0 1 0 0 0 1 0 0 1 1 0 1 1 1 1 0 1 0 0 1 1 1 0 1 1 0 1 0 1 1 1 0 0 0 1 0 0 0 0 1 1 1 0 1 0 0 0 0 0 0 1 0 0 1 0 0 1 0 0 1 0 0 1 0 0 0 1 1 0
071681 104 1 0 0 0 1 0 0 1 1 0 0 0 0 0 1 0 0 1 0 1 0 0 1 1 0 1 1 1 0 0 1 0 0 0 1 1 1 1 1 0 0 0 0 0 0 1 1 1 0 1 0 1 1 1 0 1 0 1 0 1 0 0 0 0 0 0 1 0 0 0 0 1 1 1 1 1 1 1 1 1 1 0 0 0 0 0 0 0 1 1 0 0 1 1 1 0 1 0 0 0 1 0 1 1 0 1 1 1 0 1 1 0 0 1 1 1 1 1 1 1 1 1 0 0 0 1 0 1 0 1 0 1 1 0 0 1 1 0 0 0 1 0 0 0 0 0 1 1 1 1 0 1 1 0 0 0 1 1 0 0 1 0 1 0 0 0 0 1 0 1 0 1 0 1 0 1 1 1 1 0 1 1 0 0 1 1 0 1 0 0 0 1 0 1 1 0 1 1 0 0 0 1 1 1 1 0 1 0 0 0 0 0 0 1
079060 108 1 1 1 0 1 0 1 0 1 0 0 1 0 0 1 1 0 1 1 0 0 0 0 1 0 0 1 1 0 1 0 1 0 1 1 1 1 1 0 0 1 1 0 1 0 1 1 0 0 1 1 0 0 0 0 1 1 0 0 0 0 1 0 0 1 1 1 1 0 0 1 0 1 0 0 1 0 0 1 0 1 0 1 1 1 0 1 0 1 1 0 1 0 1 0 0 0 0 1 0 1 0 0 0 1 0 0 0 0 0 0 0 0 0 0 1 1 0 1 1 0 0 0 0 1 1 1 0 1 1 1 1 1 0 0 1 1 1 1 0 1 1 1 0 1 0 1 1 0 1 1 0 1 0 0 1 0 0 0 1 1 1 0 1 0 1 0 1 0 0 0 0 1 0 1 0 1 0 0 1 0 0 0 1 0 1 1 0 0 1 1 1 1 0 0 1 1 0 1 1 0 1 1 1 1 0 0 1 1 1 1 1 1 0
079080 103 1 1 1 0 1 1 0 0 0 0 0 0 0 0 0 1 1 1 0 0 0 1 0 0 1 1 1 1 0 1 1 0 0 0 0 1 1 1 1 0 1 1 1 1 0 0 0 0 0 1 0 0 1 1 0 1 0 1 1 1 0 0 1 0 0 1 0 1 1 0 1 1 0 1 1 0 1 1 0 0 0 0 0 1 0 1 1 0 1 1 0 1 1 1 1 1 1 0 0 0 1 0 1 0 1 0 1 0 0 1 1 1 0 0 0 1 1 0 0 1 0 1 0 1 0 1 1 1 0 1 1 0 1 0 0 0 0 1 0 0 1 0 0 1 1 0 1 0 1 0 0 0 1 1 0 0 1 0 1 0 0 0 0 0 1 1 0 0 0 0 1 1 0 0 0 0 0 0 1 1 1 1 1 1 0 1 1 1 0 1 0 0 0 1 1 0 0 0 0 0 1 1 0 1 1 0 0 0 0 1 0 1 1 1
083800 100 0 1 1 1 0 0 0 0 0 0 1 0 0 1 0 0 0 1 0 1 0 1 0 0 0 0 0 1 1 1 1 1 1 0 0 1 1 1 1 1 0 0 0 1 0 0 0 0 1 1 0 1 1 1 1 1 1 1 0 0 1 1 1 0 0 1 1 0 1 0 1 0 1 0 0 1 1 1 0 1 1 1 0 0 1 0 0 1 1 1 0 1 1 0 1 1 0 1 0 0 0 0 1 0 1 0 1 1 0 1 0 0 1 1 1 1 0 0 0 0 0 1 0 1 1 1 1 1 0 0 1 0 0 1 0 1 1 1 0 1 1 1 1 0 0 0 0 0 0 1 0 1 0 1 0 1 0 0 1 0 0 0 0 1 1 1 1 0 0 0 0 0 0 1 0 1 0 1 0 1 0 1 0 0 1 0 0 1 0 0 0 0 0 0 0 0 1 0 0 1 0 1 1 1 0 0 1 0 1 0 0 1 0 0
090020 102 0 1 1 0 1 0 1 1 1 0 1 0 1 1 1 1 0 0 0 0 1 0 0 0 1 0 0 0 0 0 1 0 1 0 1 0 1 0 1 0 1 1 1 1 0 0 0 1 0 0 1 1 1 0 1 0 0 0 0 1 1 1 0 0 1 0 0 1 0 0 1 0 1 0 0 0 0 0 1 0 0 0 0 1 0 1 1 0 1 1 1 1 1 1 1 0 0 0 1 0 0 1 0 1 1 0 0 1 0 0 1 0 0 0 0 1 1 1 1 0 1 1 1 1 0 0 1 0 0 1 1 1 1 1 1 1 1 1 0 0 1 1 0 1 0 0 0 0 1 1 0 1 1 0 1 1 1 0 0 0 0 1 1 1 0 1 1 0 1 0 0 1 1 0 0 0 0 1 1 0 0 0 0 0 0 0 1 1 0 0 0 0 1 0 1 0 0 1 0 0 0 1 1 1 0 1 0 1 1 0 1 0 0 1
108880 106 0 1 0 0 0 0 0 0 1 0 0 1 1 0 0 1 1 1 1 1 1 1 0 1 0 0 1 1 1 1 1 0 1 0 1 0 1 1 1 0 0 1 0 1 1 1 0 0 1 1 0 1 1 0 1 0 0 0 0 0 0 0 1 0 1 1 0 1 0 1 1 1 0 1 0 0 0 0 1 1 0 1 1 0 0 0 0 1 1 1 0 0 1 1 1 0 1 1 1 0 0 1 0 1 0 1 0 0 1 1 0 1 0 0 1 0 0 0 1 0 0 0 0 0 0 1 0 0 1 1 0 0 1 1 0 0 1 0 0 0 0 0 1 0 1 0 0 0 1 1 1 1 0 1 0 1 1 1 1 1 0 0 0 0 0 1 1 1 0 0 1 0 1 0 0 1 1 1 0 0 0 1 1 0 0 1 1 1 1 0 1 1 1 0 1 0 1 0 1 1 0 0 0 0 1 1 1 1 0 0 1 1 0 1
002787 111 1 0 1 1 0 0 0 0 1 1 0 0 0 0 0 0 1 0 1 0 1 0 1 0 0 1 1 1 0 1 0 0 0 1 0 1 1 0 1 0 0 1 1 1 1 0 0 1 1 1 0 1 1 1 1 1 0 0 1 0 1 0 0 1 1 0 0 1 1 1 1 0 1 1 0 0 0 0 1 0 1 1 0 1 1 0 1 1 0 0 0 1 1 0 0 0 0 1 1 0 0 1 1 1 0 1 1 1 1 0 0 0 0 1 1 1 0 1 0 0 0 0 0 1 1 1 0 0 1 1 0 0 0 1 0 1 1 1 1 1 1 0 1 0 0 1 1 0 0 1 1 0 1 0 0 0 1 0 0 0 1 1 1 1 1 0 1 1 1 0 1 0 0 1 0 0 0 1 1 0 1 0 0 1 1 1 1 0 0 1 0 1 1 0 0 1 0 0 1 1 0 1 1 0 1 0 0 1 1 1 0 1 1 0
003195 099 1 0 0 0 1 1 1 0 0 0 0 0 1 0 0 0 1 0 1 1 0 1 0 1 0 0 1 1 0 1 1 1 1 0 0 0 1 0 0 0 0 0 1 0 0 1 1 0 0 0 0 1 1 0 0 0 1 0 0 1 0 1 0 1 1 1 1 0 0 0 1 0 1 1 0 0 0 0 1 1 1 0 0 0 0 0 0 1 0 0 1 1 0 0 1 0 0 1 1 1 0 1 0 1 0 1 1 0 0 1 1 1 1 1 0 0 1 0 0 1 1 0 1 0 0 0 0 1 0 1 0 1 0 1 1 0 1 1 1 0 1 1 0 1 0 0 1 0 1 0 0 0 1 1 1 0 1 0 0 1 1 0 0 0 1 1 1 1 1 1 1 1 0 0 1 0 0 0 0 0 0 1 0 0 0 1 1 1 0 0 1 1 1 1 1 1 0 0 1 0 1 1 0 1 0 0 1 1 0 0 0 0 0 0
003257 103 1 1 0 0 0 0 0 0 0 0 1 1 0 1 0 0 0 0 0 1 1 0 0 1 1 0 1 1 1 1 1 1 1 1 0 0 1 0 0 1 1 1 0 1 1 1 0 0 0 0 0 1 0 1 0 0 0 1 0 1 0 0 0 0 0 0 1 1 0 1 1 1 0 0 1 1 1 1 0 0 1 1 1 0 1 0 0 0 1 0 0 1 1 0 0 0 1 1 0 0 0 0 1 0 1 0 0 0 1 1 0 0 1 0 0 0 1 0 0 1 1 0 1 1 1 1 1 1 0 1 1 0 1 1 1 1 1 1 1 1 1 0 1 0 1 1 0 0 1 1 1 1 0 1 0 0 0 0 0 0 0 1 0 1 1 0 1 0 0 0 0 0 1 1 0 1 0 1 1 1 0 0 1 1 0 0 0 1 1 0 0 1 0 1 1 0 1 0 0 1 0 0 1 0 0 1 1 1 1 0 0 0 0 0
003282 116 1 0 0 0 1 1 1 1 0 0 1 0 0 1 0 1 0 1 0 0 1 0 1 0 1 0 1 1 0 0 0 0 1 1 1 0 0 1 1 0 1 0 0 0 1 1 0 0 1 0 1 1 1 0 1 0 1 0 1 0 1 1 0 1 1 1 1 0 0 1 1 0 0 1 0 1 0 1 0 0 0 0 0 1 1 0 1 1 0 0 1 0 0 1 0 1 1 0 0 1 0 1 1 0 1 0 1 0 1 0 0 1 1 0 1 0 1 0 0 1 0 0 1 1 1 0 1 1 1 0 1 1 1 1 0 0 0 1 0 0 0 0 1 1 0 1 1 0 1 1 0 1 1 0 1 1 0 1 0 1 0 0 1 1 1 1 1 1 1 1 1 1 0 1 0 1 1 1 0 1 0 0 1 1 0 1 1 1 0 0 1 1 1 0 1 0 0 0 1 1 1 1 1 0 0 0 1 1 1 1 1 0 0 0
003702 112 0 0 0 0 1 1 1 0 1 1 1 1 1 1 0 0 1 0 1 1 0 1 0 1 0 0 0 1 1 0 1 0 1 0 1 1 0 1 0 0 0 1 1 0 1 0 1 0 0 0 0 0 1 0 1 1 0 0 0 0 0 0 1 1 1 0 1 1 0 0 1 1 0 1 0 0 1 1 1 0 0 0 0 1 0 1 1 1 1 1 0 1 0 1 0 1 1 1 0 1 0 1 1 0 1 1 0 1 1 0 1 1 0 1 0 0 0 1 1 0 0 0 0 0 1 0 1 1 1 1 0 0 1 1 0 1 1 0 1 0 0 0 1 0 1 1 1 1 0 1 0 0 0 1 0 1 1 1 1 1 0 0 1 0 0 1 0 0 0 0 1 1 0 1 0 1 1 0 1 1 0 1 1 1 1 0 1 0 1 0 0 0 1 0 0 1 0 1 0 1 1 1 1 1 0 1 1 0 0 0 0 1 1 1
004421 096 1 0 1 0 0 0 1 1 1 1 1 0 0 1 0 0 0 0 1 0 1 0 0 0 0 1 1 0 1 0 1 1 1 0 0 1 0 0 0 0 1 0 1 1 1 1 0 0 1 1 1 1 1 1 0 1 0 0 1 1 0 0 1 0 0 1 1 1 0 0 0 0 0 1 0 1 1 0 1 0 0 0 1 0 0 0 0 1 0 1 0 0 0 0 0 1 1 0 1 0 0 0 0 1 0 0 0 0 1 1 0 1 0 1 0 0 0 0 0 1 0 1 0 0 1 0 1 1 1 0 1 0 1 0 1 0 1 1 1 1 0 0 1 0 1 0 0 1 0 1 0 1 0 1 0 1 1 0 1 0 1 1 0 1 0 0 0 0 0 1 0 1 1 1 1 0 1 1 1 1 1 0 1 0 1 0 0 0 1 0 0 1 1 0 0 0 0 1 1 1 0 1 0 0 1 0 0 0 0 0 0 1 0 0
016085 110 1 1 1 1 1 1 0 0 0 0 1 1 0 0 1 0 0 1 1 0 0 1 1 0 0 1 1 0 0 0 0 0 0 0 1 1 0 1 1 0 0 1 0 1 1 1 1 1 1 1 1 0 0 0 1 0 1 1 1 1 0 1 1 0 0 0 1 0 1 0 0 1 0 0 0 1 0 0 1 0 0 1 0 1 0 0 0 1 1 0 0 1 0 1 1 0 0 1 0 0 1 1 1 0 1 1 1 1 0 1 1 0 1 0 1 1 1 1 0 1 0 1 1 0 0 1 1 0 0 0 1 0 0 0 0 0 1 1 0 0 1 0 0 1 1 0 0 0 0 1 1 0 1 0 1 0 0 0 1 0 1 1 1 0 1 0 1 0 1 1 0 1 0 0 0 0 1 1 0 0 1 1 1 0 0 1 1 0 1 0 1 1 0 1 0 1 0 1 0 1 1 0 1 1 0 1 1 1 1 1 1 0 1 0
016326 102 0 0 0 0 0 1 0 1 1 0 0 1 0 1 0 0 0 1 0 1 0 1 1 0 0 0 0 0 0 0 1 0 0 1 1 1 1 1 1 0 0 0 0 0 0 0 1 0 1 1 1 1 0 0 0 1 1 1 0 0 1 1 0 1 1 0 0 0 0 1 0 1 1 0 1 0 1 0 0 1 1 0 1 0 1 0 1 0 0 1 1 1 0 1 1 1 1 1 0 0 0 0 0 0 0 1 1 0 0 0 0 1 1 1 0 0 1 0 0 1 1 1 1 0 1 0 1 1 1 1 0 0 1 0 1 0 0 1 1 0 1 1 1 0 0 1 1 0 1 0 0 1 1 0 0 1 1 1 0 1 1 1 0 0 0 1 1 0 1 1 0 1 0 1 1 1 0 0 0 0 1 0 0 0 1 0 1 0 0 1 1 1 1 0 0 1 1 1 0 0 0 0 1 0 1 0 1 0 0 1 0 1 0 0
016607 109 1 0 0 1 0 1 0 0 1 1 0 0 0 1 0 0 1 0 1 1 1 1 1 0 0 0 0 0 1 1 0 1 1 0 0 0 1 0 1 1 0 0 1 1 0 0 1 0 0 1 0 0 0 1 0 1 1 0 0 0 0 1 0 0 1 1 1 0 1 0 0 1 0 1 0 0 1 0 1 1 0 0 0 1 0 1 1 1 0 1 0 1 1 1 1 0 1 0 0 1 0 1 1 1 0 1 1 1 1 1 0 1 1 0 1 1 0 1 0 1 0 1 0 0 1 1 1 1 0 1 0 0 0 1 0 1 0 0 1 1 0 1 0 0 1 0 1 1 1 0 1 1 0 1 1 1 1 1 1 0 0 0 1 0 0 1 1 1 1 1 0 0 1 1 0 1 1 0 0 0 0 0 1 0 0 0 1 1 0 0 1 1 1 0 0 1 0 0 1 1 0 1 0 0 0 1 0 1 0 1 0 1 0 1
016612 104 0 1 1 1 0 1 1 0 1 1 1 1 0 1 1 1 0 1 0 1 1 0 1 0 0 0 0 1 0 1 1 1 0 1 1 0 0 1 1 1 0 1 0 0 0 1 0 1 0 1 0 1 0 0 0 1 0 0 0 1 1 1 0 1 1 1 0 1 1 1 0 0 1 0 1 0 0 0 0 0 1 0 0 0 1 0 0 1 1 0 0 1 0 0 0 0 0 1 0 1 0 0 1 0 1 0 0 0 0 1 0 0 0 0 1 1 0 0 1 1 1 1 1 0 1 0 0 0 0 1 1 1 1 0 0 1 1 0 1 0 0 1 0 1 0 1 0 0 1 1 0 1 0 0 1 0 1 1 0 0 0 1 0 1 1 0 0 1 1 1 0 1 0 1 1 0 1 0 1 0 0 1 0 1 1 1 1 0 0 1 0 1 0 1 0 0 1 1 0 1 0 0 1 0 1 1 0 0 1 1 0 0 0 1
017192 098 0 1 0 1 1 1 0 1 1 0 0 1 0 1 1 0 0 0 0 1 1 0 1 1 0 0 1 0 1 0 0 0 0 1 1 1 1 1 0 0 1 1 0 1 0 0 1 0 0 1 0 0 0 0 1 0 0 1 0 0 0 0 1 1 0 1 0 1 0 1 0 1 1 0 1 0 1 0 0 1 1 0 0 1 1 0 0 1 1 0 1 0 0 0 1 1 1 0 1 1 1 0 1 1 0 1 0 1 0 0 1 1 1 0 1 0 1 0 0 1 0 0 1 1 1 0 1 1 0 0 0 0 0 1 0 0 1 1 1 0 0 0 0 0 1 0 0 0 0 1 0 1 1 0 1 0 0 1 1 0 1 0 0 1 1 1 0 0 0 0 0 0 0 1 1 0 1 0 1 0 1 0 0 1 0 0 0 0 0 0 0 1 0 1 1 1 0 1 0 1 0 1 1 1 1 1 0 0 1 1 0 0 0 0
018044 112 1 0 0 0 1 1 0 0 0 1 1 0 1 0 0 1 1 1 1 1 1 0 0 1 0 0 0 0 0 0 0 1 1 0 0 1 0 1 1 1 1 0 1 0 0 0 0 1 1 1 1 1 1 0 0 0 1 0 0 1 0 0 1 1 1 0 0 0 0 1 0 0 0 1 0 1 1 1 0 1 1 1 1 0 1 1 1 0 0 1 1 0 1 0 1 1 1 0 1 0 1 0 0 0 0 1 1 0 0 1 1 1 1 0 0 1 0 1 0 1 1 0 0 0 0 1 0 1 0 0 1 0 1 0 0 1 1 0 1 0 1 1 1 1 1 0 0 0 1 1 0 0 0 1 1 1 0 0 0 0 0 1 0 1 0 1 1 0 1 0 1 1 0 0 1 1 1 1 0 1 1 1 1 1 0 1 0 1 1 0 1 1 1 0 0 0 1 0 0 0 1 1 1 0 1 1 1 1 0 1 0 1 1 0
018085 105 0 0 1 0 1 1 1 1 1 0 1 1 0 0 0 0 1 1 0 0 0 0 1 0 1 0 0 1 1 1 0 1 0 0 1 1 0 0 1 0 1 0 1 1 1 0 1 0 0 0 0 1 1 0 0 1 0 0 1 1 1 1 1 1 0 0 1 1 0 1 1 1 1 1 1 1 0 0 1 0 1 0 1 0 0 1 1 0 0 0 1 1 0 0 0 0 1 1 0 0 0 1 1 0 1 0 1 0 1 1 1 0 0 1 0 0 0 1 0 0 0 1 0 1 1 1 0 1 1 0 1 1 0 0 0 0 0 0 0 1 1 1 1 0 0 0 1 1 0 1 0 0 0 1 0 1 1 0 0 0 0 1 1 1 0 1 0 1 0 0 0 0 1 0 0 1 0 1 1 0 1 0 1 0 1 0 1 0 1 0 1 0 1 0 0 1 1 1 0 1 0 0 1 1 1 0 0 0 1 1 0 1 0 1
018104 093 0 0 1 0 0 0 0 0 0 1 0 0 1 0 0 0 0 1 0 1 1 0 0 0 0 0 0 0 0 1 1 0 1 1 1 0 0 0 1 1 1 1 0 0 1 1 0 1 0 1 1 0 0 0 1 0 1 0 1 0 0 0 0 0 0 1 0 1 0 0 1 1 1 1 1 1 0 0 0 0 1 1 0 1 1 0 0 1 0 0 1 1 1 0 1 0 1 0 0 1 1 0 0 1 1 1 0 1 1 0 0 0 0 1 0 1 0 1 0 0 0 0 0 0 1 1 1 1 1 0 0 0 1 0 1 0 0 0 0 0 0 1 0 0 1 1 0 0 1 0 0 0 1 0 1 1 1 0 0 1 1 1 1 1 0 0 0 1 1 0 0 0 0 1 0 1 0 1 0 1 0 0 0 1 0 0 1 1 1 1 1 1 0 0 0 1 1 0 1 1 0 1 0 0 1 0 0 1 1 1 0 0 0 0
018563 102 0 0 0 1 1 1 1 1 0 0 0 0 0 0 1 1 1 0 0 0 1 1 1 0 0 0 0 1 0 0 0 0 1 0 0 0 0 0 1 0 0 1 0 1 1 0 0 0 0 1 1 0 1 1 1 0 0 1 0 1 0 0 1 1 0 0 1 1 1 0 0 0 0 0 1 0 0 1 0 1 0 0 0 1 0 0 1 1 1 1 0 0 1 1 0 1 1 0 0 1 0 1 1 0 0 0 1 0 0 1 0 0 0 1 0 1 0 1 0 0 1 1 1 0 0 1 0 0 1 0 0 1 1 1 1 1 1 1 1 0 1 1 0 1 0 1 1 1 0 0 1 0 1 1 0 0 0 1 0 0 1 1 1 1 1 0 1 1 0 0 1 1 1 0 0 0 0 0 0 1 1 1 0 0 0 1 1 1 1 1 1 0 1 1 1 0 1 0 0 1 0 1 0 0 0 1 1 1 0 0 1 0 1 0
018593 113 1 1 0 0 0 0 1 0 0 1 0 1 1 1 1 0 0 0 1 1 0 0 1 1 0 0 1 1 0 1 1 0 0 0 0 0 0 1 1 1 1 0 1 1 1 0 1 0 1 0 0 1 0 1 1 0 0 1 0 0 0 1 1 0 0 0 0 1 1 1 0 1 1 1 1 0 1 1 1 0 1 0 1 1 1 1 0 0 1 1 0 0 0 0 1 1 0 1 0 1 0 1 0 0 1 1 0 1 1 1 1 1 0 0 0 1 0 1 0 0 0 1 1 0 1 0 0 1 1 0 0 0 1 0 1 0 0 1 1 1 1 1 1 1 0 1 1 0 0 0 0 1 1 0 0 1 1 1 1 0 0 0 1 1 0 1 0 0 0 1 0 1 1 0 0 0 0 0 0 0 0 1 0 1 0 1 1 0 1 1 1 1 1 1 1 0 1 1 1 0 0 0 1 1 1 0 1 1 1 0 0 1 1 1
030632 105 1 0 0 1 1 0 0 1 0 1 1 1 0 0 0 0 1 1 1 1 0 0 0 0 1 1 1 0 1 0 1 1 0 1 0 1 0 1 0 1 1 1 0 0 0 0 1 0 1 0 1 0 0 1 0 1 0 1 0 0 1 0 1 0 0 1 0 0 0 0 1 0 1 1 1 1 1 0 1 0 0 0 0 0 1 0 0 1 0 1 1 0 0 1 0 1 1 1 0 1 0 1 1 0 1 0 0 1 1 1 0 0 0 0 0 0 0 0 0 1 0 1 1 0 1 0 1 0 1 1 0 1 0 0 1 1 0 1 1 0 1 1 1 1 0 0 0 0 1 1 0 1 1 1 1 0 1 0 0 0 1 1 0 1 1 0 1 0 1 0 0 0 1 1 1 0 0 1 1 1 1 1 1 1 1 0 0 0 0 1 1 1 0 1 1 1 1 1 0 0 0 0 1 0 0 0 1 0 0 0 0 0 1 0
032602 105 0 0 0 1 0 0 0 0 0 1 0 0 0 0 1 1 1 0 1 1 1 1 0 1 0 1 1 1 1 1 1 1 0 0 1 0 1 0 0 1 0 0 1 1 0 0 1 1 1 0 0 1 0 1 0 0 0 1 0 0 0 0 0 1 0 1 1 1 0 1 1 1 1 0 1 1 0 0 0 1 1 0 1 1 1 0 0 0 0 0 1 0 1 0 1 1 1 0 1 1 0 1 0 1 1 1 1 0 0 0 1 1 1 0 0 1 0 1 1 1 1 0 1 0 0 0 0 1 1 0 0 0 1 0 1 0 1 1 1 1 0 1 0 0 1 1 0 1 1 1 1 1 0 1 1 0 1 0 1 0 0 1 1 0 1 0 0 0 1 1 0 0 1 0 0 0 0 1 1 0 0 1 0 1 0 0 0 0 1 0 1 0 0 1 1 0 0 1 0 1 1 0 0 0 0 0 1 0 1 0 0 1 1 0
036112 106 0 1 0 1 1 1 1 1 0 1 0 0 0 0 1 0 0 1 0 1 0 0 1 1 1 0 1 1 1 0 1 1 1 0 0 0 0 0 1 1 0 1 0 0 1 1 0 0 0 0 0 1 0 0 1 0 1 1 1 1 0 0 0 0 1 0 1 1 1 1 1 0 1 1 1 1 0 1 0 0 0 0 1 1 1 0 1 1 0 1 0 1 0 1 0 0 0 0 0 1 0 1 0 0 0 1 0 1 1 0 1 1 0 1 0 1 1 1 0 0 1 1 1 1 0 0 1 1 1 0 1 1 0 0 0 0 1 0 1 0 1 0 0 0 1 0 1 0 0 1 0 0 0 1 0 0 1 1 0 0 1 0 0 1 0 1 0 1 1 1 1 1 0 1 0 0 1 1 1 0 0 1 0 1 1 1 1 0 0 1 0 0 1 1 0 0 0 0 0 1 1 0 1 1 1 1 0 0 0 0 1 1 0 0
036352 113 0 0 1 1 0 0 1 1 0 1 0 0 0 1 1 0 1 0 0 0 0 1 1 0 0 1 1 1 0 1 1 0 0 1 0 1 1 1 0 1 0 1 1 1 0 1 1 0 1 1 1 0 1 0 1 0 1 0 0 0 0 0 1 1 1 1 1 0 0 1 0 0 1 1 0 0 0 0 0 1 1 1 0 1 0 0 1 1 0 0 1 1 1 1 0 0 1 0 1 1 0 1 1 1 1 1 0 0 0 0 1 1 0 0 1 1 1 1 0 1 0 0 0 1 1 0 1 0 0 1 1 0 1 1 0 0 0 1 0 0 1 1 0 1 1 1 1 0 0 1 1 0 1 0 0 0 1 0 1 0 0 1 1 1 1 0 1 1 0 1 0 0 1 1 0 0 1 1 0 0 0 1 0 1 1 1 0 1 0 0 0 1 0 0 1 0 0 1 1 1 1 0 1 1 1 1 0 1 0 0 1 1 0 1
040341 111 1 1 1 1 0 1 1 0 1 1 0 1 0 1 1 0 1 1 0 0 1 1 0 0 1 1 0 1 0 1 0 1 1 1 1 1 1 0 0 0 1 0 0 1 0 1 0 0 1 0 0 1 0 1 0 1 1 0 0 0 1 1 0 1 0 1 0 1 1 0 1 0 1 0 0 1 0 0 1 1 1 1 0 1 1 0 1 1 1 1 1 0 1 1 0 1 0 1 0 0 0 1 1 1 0 1 1 0 0 1 0 0 1 0 1 0 0 0 1 0 1 1 0 0 0 1 0 0 0 1 0 0 1 1 0 1 1 0 1 1 0 0 1 0 0 1 1 0 0 1 0 1 1 1 0 1 0 0 1 0 0 1 1 1 1 0 1 0 0 1 1 0 0 0 0 0 0 1 1 0 1 0 0 1 0 1 1 1 0 0 1 1 1 0 0 1 0 0 1 1 0 1 1 0 0 0 1 1 0 1 0 0 0 1
040351 109 0 1 1 0 1 0 0 0 1 0 0 0 0 0 0 1 1 1 0 1 1 1 0 0 1 0 0 0 1 1 0 0 0 0 0 1 0 1 1 1 0 1 1 1 0 1 1 1 1 1 0 1 1 1 0 1 0 1 0 0 1 0 0 0 0 1 0 1 1 1 0 0 0 1 0 1 1 1 1 0 1 0 1 1 0 1 0 0 1 0 0 1 1 0 0 0 1 0 0 0 1 0 1 1 0 0 1 1 0 1 0 1 0 1 0 0 0 0 1 1 1 1 1 1 1 1 0 1 1 0 1 0 0 0 1 1 1 0 0 0 0 0 1 1 1 1 1 0 1 1 0 0 1 0 1 0 0 0 1 1 0 1 0 1 0 1 0 1 0 0 1 0 0 0 0 1 1 0 1 1 0 1 1 1 0 0 0 1 1 0 1 1 0 0 1 0 1 0 1 1 1 0 1 0 1 1 0 1 0 0 1 1 0 1
040362 100 1 0 0 0 1 0 0 0 1 1 1 1 0 1 1 1 1 0 1 1 0 1 0 0 1 0 1 0 1 0 1 1 1 1 0 1 0 1 0 1 0 0 0 1 0 0 0 1 0 1 0 0 1 0 0 0 1 0 0 0 0 1 0 0 1 1 1 1 1 0 0 1 0 0 1 1 1 1 0 0 0 1 0 0 0 0 1 1 0 0 0 0 0 1 0 1 0 0 0 1 0 0 1 1 1 0 0 0 0 1 1 1 1 0 1 1 1 1 0 0 0 1 1 0 0 1 1 1 0 0 1 0 0 0 1 0 1 0 1 1 0 1 0 1 0 0 0 1 1 0 0 1 1 1 1 1 0 1 0 1 0 0 0 1 1 0 0 0 1 0 1 1 1 0 1 0 1 0 0 0 0 0 0 0 0 1 1 1 1 0 1 0 0 0 1 1 0 0 0 0 1 0 1 0 1 1 0 1 1 1 1 0 0 0
040396 103 1 1 0 1 0 1 1 1 1 0 1 0 1 1 1 0 1 1 0 0 0 0 0 1 0 1 0 0 1 1 0 0 1 1 0 0 0 1 1 0 0 1 1 1 1 0 1 0 0 0 0 0 1 1 1 1 1 1 1 1 0 0 0 0 0 0 0 0 0 0 0 0 0 0 0 0 0 1 0 1 1 0 0 0 1 1 1 0 0 1 1 1 1 1 1 1 0 0 1 0 1 0 1 1 0 0 0 0 0 1 1 0 1 0 0 1 0 0 1 1 0 1 1 1 1 0 0 0 1 0 1 0 1 1 0 0 1 1 1 0 1 0 1 1 0 0 1 0 0 1 0 0 1 0 1 1 1 1 0 1 1 0 1 1 1 1 1 0 1 0 1 0 0 1 0 0 1 0 1 0 1 1 1 0 0 0 0 0 0 1 0 1 0 1 0 0 0 0 0 1 1 0 0 1 0 1 1 0 0 1 0 0 0 1
040482 095 0 1 1 0 1 1 1 1 1 0 0 1 1 1 1 0 1 0 1 0 0 1 1 0 0 0 0 1 1 1 0 0 0 0 1 0 1 0 0 1 1 0 0 0 0 1 1 1 0 1 1 1 0 0 0 1 0 0 0 0 0 1 0 0 0 1 1 0 1 0 1 1 1 0 0 0 0 0 0 0 0 0 1 0 0 0 1 1 0 1 0 0 0 0 0 0 0 1 0 1 0 0 1 1 1 0 1 1 0 0 0 1 0 0 1 0 0 1 1 1 0 1 1 0 0 0 0 0 0 0 1 1 0 1 0 0 0 0 1 1 1 0 0 1 0 0 1 0 1 0 0 0 1 0 1 1 1 1 0 0 0 0 0 0 0 0 1 0 1 0 0 1 0 1 1 1 0 1 0 0 1 1 1 1 1 0 1 0 1 0 0 1 0 1 1 0 1 1 1 1 0 0 0 1 0 1 1 0 0 0 1 0 1 1
042281 103 1 0 1 0 1 0 0 0 1 0 0 0 1 1 0 0 1 0 0 0 1 0 0 1 0 0 1 1 0 0 0 1 1 1 1 0 0 0 0 0 0 1 1 1 0 0 1 0 1 0 1 0 1 0 1 1 0 0 0 0 1 1 0 1 1 1 0 0 0 1 0 0 0 0 1 1 1 1 0 1 1 0 1 0 1 0 0 0 1 0 1 1 1 1 1 1 1 0 0 0 0 0 1 1 0 0 0 1 0 0 0 1 1 0 1 1 1 1 0 1 0 0 1 0 1 0 0 1 1 0 1 0 1 0 0 0 1 1 1 0 0 1 1 0 0 1 1 0 0 1 0 1 1 0 0 1 1 1 1 1 1 1 1 1 0 0 0 0 0 0 1 0 0 0 0 0 1 0 0 0 0 0 0 0 0 0 1 0 0 1 1 1 1 1 1 1 1 1 0 1 0 1 1 1 1 1 0 0 1 0 0 1 1 1
049701 116 1 0 1 1 1 1 0 0 1 0 0 1 0 0 0 1 1 1 0 0 1 0 1 1 0 1 1 1 0 1 1 0 1 0 1 0 1 1 0 1 1 0 0 1 0 1 0 0 1 1 0 0 0 1 0 0 1 1 0 1 0 0 1 1 1 0 1 1 1 0 1 0 1 1 0 0 1 0 1 1 1 0 1 0 1 1 1 0 1 0 1 0 1 0 0 1 1 1 1 1 1 1 0 1 1 1 0 1 1 0 0 1 1 0 1 1 0 1 1 1 0 0 1 0 0 0 1 0 0 0 0 1 1 1 1 0 0 1 0 1 0 1 0 0 1 0 0 1 0 0 1 1 0 1 1 0 0 0 1 1 1 1 1 1 1 0 0 0 1 1 1 0 0 0 1 0 1 0 0 1 1 0 1 0 1 0 0 0 0 1 1 0 1 1 0 0 0 1 0 0 1 0 1 1 0 1 1 0 1 1 1 1 0 0
052260 112 0 1 1 1 0 1 0 1 1 1 0 1 1 1 0 0 0 1 0 0 1 1 1 0 0 0 0 0 0 0 0 0 0 1 0 0 1 1 0 0 0 1 0 1 0 1 1 0 1 0 1 0 0 0 0 0 1 1 1 1 1 1 0 1 1 0 0 1 1 0 1 0 0 0 1 1 1 1 0 0 0 1 0 0 1 0 1 0 0 1 0 0 0 1 0 1 1 1 1 1 1 1 1 0 1 0 1 1 0 0 1 1 0 1 1 1 1 1 1 1 1 0 0 0 0 1 0 0 1 1 0 1 0 1 0 0 1 0 0 1 1 1 1 1 1 1 0 0 0 1 0 1 0 1 0 0 0 1 0 0 1 0 1 0 0 1 1 1 1 1 0 1 1 1 1 0 0 0 1 0 1 0 0 1 1 1 0 0 1 0 0 1 1 1 1 1 1 0 0 0 0 0 1 0 1 1 0 1 1 1 0 1 0 1
052271 114 0 0 0 1 0 1 1 1 1 1 0 0 1 1 0 1 1 0 0 1 0 1 1 1 1 0 0 1 0 0 0 1 0 0 0 1 0 1 1 1 1 0 0 0 0 1 1 0 1 1 1 1 0 1 0 1 1 1 1 1 1 1 0 1 0 0 1 1 1 1 0 1 1 1 1 0 0 0 1 1 1 0 1 0 0 1 0 0 1 1 0 1 1 1 0 1 0 0 1 0 1 0 1 1 0 1 0 0 0 1 1 0 1 0 0 1 0 1 0 1 1 0 0 0 1 0 0 1 0 0 1 1 0 0 0 0 1 0 1 1 1 1 0 0 1 1 1 1 1 1 0 1 0 1 0 0 0 0 0 0 1 0 0 1 0 1 0 1 0 1 0 1 1 0 1 0 0 1 1 0 0 1 1 0 1 1 0 1 1 0 1 0 0 0 0 0 1 1 1 0 1 1 1 0 0 1 0 1 1 0 1 0 1 1
053550 100 1 0 0 0 1 0 0 0 1 1 1 0 0 0 0 0 1 0 0 1 1 0 0 0 0 0 0 1 1 1 0 1 0 0 0 0 1 1 0 0 1 1 0 1 0 1 0 1 0 1 1 1 1 1 0 1 0 1 1 1 0 1 1 1 0 0 0 0 1 0 1 0 0 0 0 1 1 1 0 0 1 0 1 1 1 0 1 1 0 1 0 1 0 1 1 1 1 0 0 0 0 0 1 0 1 0 1 0 0 0 1 0 1 0 0 1 0 1 0 1 1 0 0 1 1 1 0 0 0 1 0 1 1 0 1 0 1 0 0 1 0 0 0 1 1 0 0 1 1 1 1 1 0 0 0 0 1 0 0 0 1 1 1 1 0 1 0 1 0 1 1 0 0 0 0 1 0 0 1 1 1 1 0 1 1 1 0 0 1 0 1 0 0 0 1 0 0 0 0 0 0 0 1 1 1 1 1 1 0 0 1 0 0 0
054940 117 1 1 0 1 1 1 1 0 0 1 0 1 1 1 1 1 0 0 1 1 1 1 0 0 1 1 0 1 1 1 0 1 1 1 0 0 0 1 0 0 0 0 1 1 1 1 0 1 0 0 1 1 1 1 1 0 0 1 1 1 0 0 0 1 0 0 1 1 0 1 1 0 1 1 0 0 1 1 0 1 0 0 1 1 1 0 0 1 1 0 1 0 0 1 0 0 1 1 0 0 1 0 0 1 0 1 0 1 0 1 0 1 1 1 0 0 1 0 0 1 0 1 1 0 1 1 0 1 0 0 0 0 1 1 1 1 0 0 0 1 1 1 1 0 0 0 1 1 0 1 1 1 0 0 1 1 1 1 0 0 0 1 1 0 1 0 1 1 0 0 1 0 0 0 0 0 1 1 0 1 1 1 0 1 0 1 1 1 1 1 0 0 0 0 1 0 1 0 1 0 1 0 0 0 1 1 1 0 0 1 1 1 1 0
054960 114 1 0 1 0 1 1 1 1 0 1 1 0 1 0 1 1 0 1 1 1 0 1 1 1 1 0 1 0 0 1 1 0 0 1 1 1 1 1 1 1 0 1 1 1 0 0 0 1 1 1 0 0 1 0 1 1 1 0 1 0 0 1 1 0 0 1 0 1 1 1 1 0 0 1 1 0 1 0 0 0 1 0 1 0 1 0 1 0 0 1 0 1 1 0 1 0 0 1 0 0 1 1 1 1 0 0 1 0 1 0 1 0 0 1 1 1 0 0 0 0 0 1 1 1 1 1 0 0 1 0 1 1 0 0 0 1 0 1 0 0 0 0 0 0 0 1 0 1 1 0 1 0 1 0 1 1 0 1 0 1 1 0 0 1 1 1 1 1 0 1 0 1 1 0 0 0 0 1 1 1 0 1 1 1 1 1 0 0 1 0 0 1 0 0 1 0 0 1 0 0 1 1 1 1 0 0 0 0 1 0 0 0 1 0
056380 097 1 1 1 1 1 1 0 0 1 0 0 0 1 1 0 1 0 0 0 0 1 0 0 0 0 0 1 1 1 0 0 0 1 1 1 0 0 0 1 1 0 0 1 0 0 0 1 0 1 1 0 1 1 0 1 0 0 1 1 1 0 1 1 1 0 1 0 0 0 0 0 0 0 0 0 1 1 0 1 1 1 1 0 0 1 0 0 0 1 1 0 1 1 0 1 0 0 0 0 0 0 0 1 0 0 0 0 1 0 0 1 1 1 1 0 1 0 1 0 1 1 0 0 0 0 0 0 1 0 0 1 0 1 0 0 0 1 1 1 1 0 0 1 0 0 1 0 1 1 0 1 0 0 0 0 0 1 1 1 0 0 0 1 1 1 0 1 0 0 0 0 0 1 1 1 1 0 1 0 1 1 0 0 0 0 1 0 1 1 1 0 0 1 1 1 1 0 1 0 1 1 1 1 0 1 0 0 0 0 1 0 0 1 0
057350 097 1 0 0 0 0 0 0 0 0 1 0 0 1 1 1 0 0 1 0 1 1 1 1 0 0 1 0 1 1 0 1 0 1 1 1 0 1 1 0 0 1 0 1 1 1 1 0 1 0 0 1 1 0 0 1 0 0 1 0 0 1 1 1 0 1 0 0 0 0 0 1 0 1 1 0 1 0 1 1 0 0 1 1 0 1 1 0 1 1 0 1 1 1 0 0 0 1 1 1 1 0 0 0 0 1 0 1 0 0 0 0 0 0 0 1 1 0 0 1 1 1 1 0 0 1 1 0 0 0 1 0 1 1 1 1 0 0 0 0 0 1 0 1 0 0 0 0 0 0 1 0 1 0 0 0 1 0 1 1 1 0 0 1 0 1 0 1 0 0 0 0 1 0 0 1 1 0 0 0 1 1 0 0 0 0 1 1 0 1 1 0 0 0 1 1 1 0 0 1 0 0 0 0 0 0 1 0 1 0 1 1 0 1 1
057360 107 1 1 1 1 0 1 1 1 1 1 1 0 1 1 1 0 1 0 0 1 1 0 1 0 0 0 1 1 1 0 0 0 0 1 1 0 0 1 0 1 0 1 0 0 1 0 1 0 0 1 1 0 0 1 1 0 1 1 1 1 0 0 0 1 0 0 1 1 1 0 1 0 1 0 1 0 0 1 0 0 1 0 1 0 0 0 1 1 1 0 0 1 0 1 1 1 0 0 1 1 0 0 0 1 1 1 0 1 1 0 0 1 0 0 0 1 0 1 0 1 0 1 1 1 1 0 0 0 0 1 1 0 1 0 1 1 0 1 1 1 1 0 0 1 0 0 1 0 0 1 0 0 1 1 0 1 0 0 0 0 0 0 0 0 1 1 1 1 0 1 1 0 1 1 1 1 1 1 0 1 0 0 0 1 1 0 0 0 0 0 0 0 0 1 1 1 1 1 0 0 0 1 0 0 0 0 1 1 0 1 0 0 0 1
068111 111 0 0 0 0 0 1 1 1 0 1 0 0 1 0 1 1 1 1 1 1 0 1 1 0 0 0 0 1 1 0 0 0 1 1 0 1 0 0 0 1 0 0 0 1 0 0 1 1 1 0 1 0 0 1 0 0 0 0 0 1 1 1 0 0 1 0 0 1 1 0 0 0 1 0 0 1 0 1 0 1 1 1 0 1 1 0 1 1 0 0 0 1 0 1 1 1 0 1 1 0 1 1 1 1 0 0 1 0 1 0 1 0 1 1 1 0 0 0 1 0 1 1 1 0 0 1 1 1 0 0 0 0 1 0 1 0 1 1 1 0 1 0 1 1 0 1 0 1 0 0 1 1 0 0 1 1 1 1 1 1 1 0 0 0 1 0 1 1 0 0 0 0 1 1 0 1 1 0 0 0 1 0 1 0 1 1 0 0 0 1 1 0 0 0 1 1 1 1 1 1 0 0 1 0 1 0 1 1 1 1 1 1 0 1
069600 107 0 1 0 0 0 1 0 0 0 0 1 0 0 0 1 1 1 0 0 0 1 0 0 0 1 0 0 0 1 0 0 1 1 0 0 1 1 1 1 1 0 1 1 0 1 1 1 1 0 0 0 1 0 1 1 0 1 1 1 0 0 0 1 0 0 1 0 1 1 1 0 0 0 1 0 0 0 1 1 1 0 0 1 1 1 0 1 1 0 0 0 0 0 1 0 0 1 0 1 1 0 1 1 0 1 1 1 0 1 0 0 1 0 1 1 0 0 0 0 1 1 1 1 1 0 1 1 1 0 1 1 1 1 0 1 1 0 1 1 0 1 0 0 1 1 0 0 0 0 0 0 0 1 1 1 1 1 0 1 0 0 1 1 1 1 0 1 1 0 0 0 1 1 0 0 1 0 1 0 0 0 0 0 1 0 0 1 0 1 0 1 1 1 1 1 0 0 0 0 0 0 1 1 1 1 0 1 1 1 1 1 0 0 0
071780 086 0 0 0 1 1 0 1 1 0 0 0 0 0 1 0 1 1 0 1 1 0 1 1 1 0 1 0 1 1 0 0 1 0 1 0 1 0 0 0 0 1 1 0 1 0 0 0 0 0 0 0 0 0 0 0 1 0 0 0 0 1 1 1 0 1 0 0 1 1 1 1 0 0 1 0 0 1 1 0 0 1 1 0 1 0 0 0 0 1 1 1 0 0 0 1 0 0 1 0 0 0 0 0 1 0 0 1 1 1 0 0 1 1 0 1 0 0 0 1 1 0 0 0 1 0 1 0 1 0 0 0 1 0 1 0 0 0 0 0 1 0 0 1 0 1 0 1 1 1 0 1 1 0 0 1 0 1 1 1 0 0 0 0 1 0 1 0 0 1 0 0 0 0 0 1 0 1 0 0 0 1 0 0 0 0 1 0 0 0 0 0 1 0 1 1 0 1 1 0 0 1 1 1 1 0 1 0 0 1 1 0 0 0 0
075920 112 1 1 0 0 0 0 0 0 0 0 0 1 1 0 1 0 0 1 0 1 1 1 0 0 0 0 1 0 1 0 0 0 0 1 0 1 1 1 0 1 1 0 1 1 1 1 1 0 0 1 0 0 0 1 1 1 1 1 0 1 1 0 1 0 1 0 0 1 1 1 1 0 0 1 0 1 1 0 0 1 0 0 1 0 1 1 1 0 0 0 0 0 0 0 0 1 1 0 1 0 1 1 1 1 0 0 0 1 0 1 0 1 1 1 0 1 1 0 1 1 0 0 0 0 1 1 0 0 0 0 1 1 1 1 1 1 1 1 0 1 0 0 1 0 1 0 1 0 1 1 0 1 1 1 1 0 0 1 0 1 1 1 0 0 1 1 1 0 1 1 1 1 0 0 1 1 1 0 1 1 1 1 1 0 0 0 1 1 0 0 0 0 1 0 1 1 0 1 0 1 0 1 0 1 1 0 1 0 0 0 1 0 1 0
079070 109 0 1 1 1 0 1 0 1 1 1 1 0 0 1 1 0 1 1 0 1 1 1 1 0 0 1 1 0 0 1 0 1 0 0 0 0 0 0 0 1 1 0 1 0 0 1 0 1 0 1 1 0 1 0 1 1 0 1 1 1 1 1 1 1 1 0 0 0 1 1 1 1 1 1 1 0 1 0 0 0 0 0 1 0 1 1 0 1 0 1 1 1 0 1 1 1 0 0 1 1 0 1 1 1 1 1 0 1 1 1 1 0 0 0 1 0 0 0 1 0 0 0 0 1 0 0 1 1 1 1 1 0 1 0 0 0 1 1 1 1 0 0 1 1 0 0 1 0 1 1 1 0 0 1 0 1 1 1 0 0 1 0 0 0 0 0 0 0 0 1 0 1 1 1 0 0 0 0 1 0 0 0 0 0 0 1 0 0 1 1 1 1 1 0 0 0 0 1 0 0 0 0 1 1 0 0 1 0 1 0 0 0 1 1
079110 107 0 0 1 0 0 1 0 1 1 1 1 1 0 0 1 1 0 0 0 0 0 1 1 1 1 1 0 0 0 1 1 1 0 1 0 0 0 1 0 0 1 0 0 0 1 0 0 0 0 1 0 1 0 0 1 0 1 0 1 0 1 0 1 1 1 1 0 1 1 1 1 1 1 0 1 0 0 1 1 1 0 0 1 1 0 0 1 0 0 0 0 0 0 0 1 1 0 0 1 0 0 1 0 1 0 0 1 0 0 0 0 0 0 0 1 0 0 1 1 0 0 1 0 1 0 0 0 1 1 0 0 1 0 0 1 0 1 0 1 1 1 1 0 1 1 1 0 1 1 0 1 1 1 1 0 1 1 0 0 1 1 0 1 1 1 0 1 1 0 0 0 0 1 1 1 0 0 1 0 1 0 0 1 0 0 1 1 1 0 1 0 0 0 1 1 0 1 0 1 1 1 1 0 1 1 0 1 0 1 1 1 0 1 1
083810 109 1 1 1 0 1 1 1 0 1 0 1 0 0 1 1 1 1 0 1 1 1 1 0 0 0 0 0 0 0 0 1 0 1 0 0 1 0 0 0 0 0 0 0 1 1 0 1 0 1 1 0 1 0 0 0 1 0 0 1 0 1 1 1 1 0 1 0 0 0 0 1 0 0 0 1 0 1 0 0 0 1 0 1 0 1 0 0 1 1 1 1 1 0 1 1 1 0 0 1 0 1 1 1 1 1 1 0 0 1 0 1 0 0 0 0 0 1 0 0 0 1 0 1 1 0 1 1 1 1 1 0 0 1 0 0 0 1 0 1 1 0 0 0 1 1 1 0 0 1 1 1 1 0 0 1 1 0 1 0 1 0 0 1 1 0 1 1 0 1 1 0 1 0 0 1 0 0 1 1 1 0 0 1 1 0 1 1 0 0 1 0 1 1 1 1 0 0 1 1 1 1 0 0 1 1 0 1 0 0 1 1 1 0 0
083820 099 1 0 1 0 1 1 0 1 1 0 1 0 1 0 0 1 1 0 0 1 1 0 0 1 1 0 0 1 0 1 0 1 0 1 1 1 1 1 0 0 1 1 1 0 0 1 1 0 0 1 0 0 0 0 1 1 0 1 0 0 1 1 1 1 1 0 1 0 0 0 1 1 0 0 1 1 0 0 0 0 1 0 0 0 0 1 0 0 0 0 0 0 0 1 0 0 1 1 0 1 1 0 1 1 0 0 0 0 0 1 0 1 0 1 1 1 1 0 0 0 1 1 1 0 1 0 0 0 1 1 1 1 0 0 0 0 0 0 1 0 0 0 1 0 0 1 1 0 1 0 0 1 1 0 1 1 0 1 0 1 0 0 1 0 0 1 1 1 1 1 0 0 1 0 1 1 0 1 1 0 0 1 1 0 0 1 0 1 0 0 0 0 1 0 0 1 1 1 0 0 0 1 1 0 0 0 0 1 1 0 0 0 0 1
103010 115 0 1 0 1 1 0 0 0 1 0 1 0 0 1 1 0 1 0 0 0 0 1 0 0 0 0 1 0 1 0 0 1 1 1 1 1 1 1 0 1 1 0 0 1 1 1 1 1 0 0 0 1 0 1 1 1 0 1 0 0 0 0 0 1 1 0 0 1 1 0 1 1 1 0 0 0 0 1 1 1 0 1 1 1 1 1 1 1 0 0 0 0 1 1 0 1 0 1 0 1 1 1 1 1 1 1 1 0 1 1 1 0 1 1 1 0 0 0 0 0 1 1 0 1 0 0 1 0 0 1 1 1 1 1 1 0 1 0 0 1 0 1 0 1 0 0 1 0 0 1 0 0 1 1 1 1 0 1 0 1 0 0 0 0 1 0 0 1 0 1 1 0 0 1 1 0 0 1 1 1 1 1 1 1 0 0 1 0 0 0 1 0 0 0 0 0 0 0 1 0 1 0 1 0 1 1 1 1 1 1 1 1 1 1
103060 097 1 1 1 0 1 1 0 0 0 1 1 1 1 0 0 0 1 1 0 0 1 1 1 1 0 1 1 1 0 0 1 0 1 1 0 0 1 0 0 1 1 1 0 0 1 1 0 1 0 0 0 1 1 0 0 0 1 0 1 0 1 1 1 0 0 0 0 0 1 1 1 0 0 0 1 0 0 1 1 0 0 0 0 1 0 1 0 1 0 0 1 0 0 1 1 0 1 1 0 0 0 0 0 1 1 1 0 0 1 1 0 1 1 0 0 0 0 1 1 1 0 0 0 0 1 0 1 0 0 0 0 1 0 1 0 0 1 0 0 1 0 0 0 1 1 0 0 1 0 1 1 0 1 1 1 0 0 1 1 0 1 0 1 0 0 1 0 0 1 0 0 0 0 1 0 1 1 0 1 1 1 0 0 1 0 1 0 0 0 1 0 1 1 0 1 0 0 0 1 0 1 0 0 0 0 1 0 1 1 0 0 1 0 0
005384 102 0 0 1 1 0 0 1 0 1 0 0 0 0 0 1 0 0 1 1 1 0 0 1 0 1 0 0 1 0 0 0 0 0 1 0 1 0 0 1 1 1 1 1 1 0 1 1 1 1 1 1 0 0 0 1 0 0 0 0 0 1 1 0 0 1 1 1 1 0 0 1 0 1 1 1 0 0 0 0 0 0 1 1 1 1 1 0 0 1 0 1 1 1 0 1 0 1 1 1 1 1 0 0 0 0 0 1 1 0 1 1 1 1 0 0 0 1 0 1 1 0 0 0 0 1 1 1 0 1 1 0 0 0 1 0 1 0 0 0 1 1 1 1 0 0 0 0 0 1 0 0 0 1 1 0 1 0 0 0 0 1 1 1 0 0 0 1 1 0 0 0 1 0 1 1 0 1 0 1 0 0 0 0 0 0 0 0 1 0 1 1 1 1 0 1 1 0 1 0 1 0 0 0 0 1 1 1 0 1 1 0 1 1 1
006107 095 0 0 0 1 0 1 0 0 0 0 0 0 1 1 1 1 0 0 1 0 0 1 1 1 0 0 0 0 1 1 0 0 1 0 1 1 1 0 0 0 0 1 1 0 0 0 1 1 0 0 0 0 0 0 1 0 0 0 0 1 1 0 1 1 1 0 1 1 0 0 0 0 0 0 1 0 0 1 1 1 0 0 1 1 0 1 1 0 0 0 1 1 1 1 1 0 0 1 1 1 1 1 1 0 0 0 1 1 0 0 1 1 1 0 0 0 0 1 1 0 0 0 0 0 0 0 1 1 1 0 0 1 0 1 1 1 0 0 1 1 0 1 0 0 1 0 0 0 0 1 1 0 0 1 1 1 0 0 1 0 1 1 0 0 1 0 1 0 0 1 0 0 1 0 1 1 1 1 1 1 0 1 1 0 1 1 1 1 1 0 0 1 1 0 1 0 1 0 0 0 0 0 0 1 0 0 0 0 0 0 0 0 0 0
006986 102 0 0 0 0 0 0 0 0 0 0 0 1 0 1 0 1 1 1 0 1 1 1 0 0 1 1 1 0 0 1 1 0 0 1 0 0 1 0 0 1 1 0 1 1 1 1 1 0 0 0 1 1 1 0 1 0 1 1 0 0 1 1 1 0 0 0 0 1 1 0 0 0 1 1 1 0 1 0 1 1 0 0 0 0 0 0 1 0 1 0 0 0 0 0 1 1 0 1 0 1 0 0 0 0 0 1 0 1 0 0 1 0 1 1 0 1 1 1 0 1 0 0 0 0 1 1 1 0 1 0 0 1 0 0 1 1 0 0 0 1 1 0 0 1 0 1 0 1 0 1 1 0 0 1 1 1 0 0 0 0 0 1 0 0 1 1 1 0 1 0 1 1 0 1 1 1 1 0 0 0 0 0 0 0 0 1 1 0 1 1 0 1 1 0 1 1 0 1 1 0 1 0 0 1 1 1 1 1 1 1 1 1 0 0
010985 106 0 0 1 0 0 0 0 0 0 1 0 1 1 1 1 0 0 0 0 0 1 0 0 0 1 1 1 1 0 1 1 0 0 0 1 0 0 1 1 1 0 0 0 0 0 1 1 1 1 1 1 1 0 0 0 0 1 0 1 0 0 1 0 1 0 1 0 1 1 0 0 1 0 1 0 0 1 0 1 1 1 1 0 1 1 1 1 0 1 1 0 1 1 0 0 1 0 1 0 1 0 1 0 0 1 1 1 1 0 1 1 0 0 0 1 0 0 0 1 0 1 1 0 1 0 0 1 0 1 0 0 1 1 1 1 1 1 0 0 0 0 1 0 0 0 0 0 1 1 0 1 1 1 1 1 0 0 1 1 1 0 0 1 1 0 1 1 1 0 0 0 1 0 0 1 1 1 0 1 1 0 0 1 1 1 0 0 0 0 1 1 1 1 1 0 0 0 0 0 0 1 1 0 1 1 0 0 0 1 1 0 1 0 0
011534 110 0 1 0 1 0 1 0 0 1 0 1 1 1 1 1 1 0 0 0 1 1 0 0 1 0 1 1 0 0 0 1 0 1 0 1 1 1 1 0 0 1 0 1 1 0 1 1 0 0 0 1 0 1 0 0 1 0 1 0 1 1 0 1 1 1 0 0 1 1 0 1 1 1 1 0 1 1 0 1 0 0 0 1 0 1 0 0 1 1 1 1 0 0 0 0 0 1 1 1 0 0 0 0 1 0 1 1 1 0 1 0 1 1 1 1 0 0 1 0 0 0 1 0 1 0 0 1 0 0 1 1 1 1 1 0 1 1 0 0 1 1 0 1 0 0 1 0 0 0 0 1 0 1 0 0 1 1 0 0 0 1 1 0 1 1 1 0 0 1 1 0 0 1 0 1 1 0 1 0 0 1 0 0 0 1 0 0 1 1 0 1 1 1 1 1 0 1 1 1 1 0 0 0 0 1 0 0 0 1 1 0 1 1 0
012793 108 1 0 1 1 1 1 0 0 0 1 0 0 1 0 1 0 0 1 0 0 1 1 1 0 1 0 0 0 1 0 0 1 1 1 0 0 1 0 1 1 1 1 1 1 0 0 0 1 0 1 1 1 1 0 0 1 1 0 1 1 0 1 1 0 0 1 0 0 0 1 0 1 1 1 1 0 0 0 1 1 1 1 1 1 1 0 1 0 0 1 0 0 1 0 1 1 0 0 1 0 0 0 1 0 0 0 0 0 0 0 0 1 1 0 0 1 0 1 0 1 1 1 1 1 1 1 0 0 0 0 1 0 1 1 0 0 1 0 1 0 0 1 0 0 1 0 1 1 0 1 0 1 1 0 1 0 0 1 1 0 1 1 0 0 0 1 1 1 1 0 1 0 0 1 1 0 0 1 0 1 1 1 1 0 1 0 0 0 1 1 0 1 1 1 0 1 0 0 0 1 1 0 1 0 1 1 0 0 0 1 0 0 0 0
013177 105 0 0 1 1 0 1 0 0 0 1 1 1 1 0 0 0 0 0 0 0 1 1 0 0 1 0 0 1 1 1 1 1 0 0 0 0 1 1 0 0 0 1 1 1 1 0 1 1 1 0 0 0 1 0 0 0 0 0 0 1 1 0 0 1 1 1 1 1 1 0 1 0 1 1 0 0 0 1 1 1 1 1 0 1 1 0 1 1 1 1 0 1 0 1 1 0 0 1 1 0 0 1 0 0 1 0 1 0 1 0 0 1 1 1 0 1 1 1 0 0 0 0 1 0 0 0 0 0 1 1 0 0 0 1 0 1 1 1 0 0 1 1 1 1 1 1 1 0 1 0 0 0 1 0 0 1 0 0 1 0 1 0 0 0 1 1 1 1 0 0 0 0 0 0 1 0 1 1 1 1 0 0 1 0 1 1 0 1 1 1 0 0 0 0 1 0 1 1 1 1 0 1 1 0 0 0 0 0 1 0 1 0 0 0
013385 109 1 1 1 0 0 1 1 0 1 1 1 0 1 1 0 0 0 1 0 0 1 1 0 1 1 1 0 0 0 0 1 0 0 1 1 1 0 0 0 0 0 0 0 0 1 0 0 1 1 1 0 0 0 0 0 1 1 1 1 0 0 0 1 0 0 1 1 1 1 0 0 1 0 0 0 1 1 0 0 1 1 1 0 1 0 0 0 0 1 1 1 1 1 1 1 0 0 1 0 1 0 1 0 1 0 0 0 1 0 0 0 0 0 0 0 1 1 1 1 0 0 1 1 1 1 0 0 1 0 1 0 0 0 1 0 1 0 0 1 1 0 1 1 1 1 0 1 0 1 0 0 1 1 1 1 0 1 0 0 0 0 1 1 0 0 1 1 1 0 1 1 1 1 0 0 1 0 1 0 0 0 0 1 0 1 1 1 0 0 1 0 0 1 1 1 1 1 1 0 1 0 1 0 1 0 1 1 0 1 1 1 0 1 1
013405 109 1 1 1 1 1 0 0 0 0 0 0 1 0 0 1 0 1 1 0 1 1 1 1 1 1 0 1 1 1 0 1 0 1 0 1 1 1 0 1 0 0 0 1 1 1 1 0 1 1 1 0 1 1 1 1 1 1 0 0 1 0 1 1 0 1 1 0 0 0 0 1 1 1 0 1 1 1 1 1 0 1 0 0 1 1 1 0 0 0 0 0 0 1 0 0 1 1 0 0 0 0 0 0 1 0 1 0 0 0 1 1 0 1 0 0 1 0 1 1 1 0 1 0 0 0 1 0 1 1 0 0 0 0 1 0 0 0 1 1 1 0 1 0 0 0 0 1 0 0 1 1 0 1 0 0 1 1 1 0 1 0 1 0 0 1 1 0 1 0 0 1 1 0 1 0 0 1 1 1 1 0 1 0 1 1 0 1 0 0 1 1 1 1 1 0 0 0 1 0 1 1 0 0 0 0 1 0 0 0 0 1 0 1 0
015534 101 0 1 1 0 1 1 0 0 0 0 0 0 1 0 1 1 1 0 0 0 0 0 0 0 1 1 1 0 1 1 0 1 0 0 0 1 0 0 1 0 0 1 1 1 0 0 0 0 0 1 1 0 0 1 1 1 0 1 0 1 1 0 1 1 1 0 0 0 1 0 0 1 1 1 1 0 0 0 1 1 0 1 1 0 0 1 0 1 1 0 0 0 0 0 1 1 0 1 1 1 1 1 0 0 1 0 0 1 1 0 1 0 1 0 1 1 0 0 1 1 0 0 0 0 0 1 1 0 0 0 0 0 1 1 1 1 0 0 1 1 0 0 0 1 1 0 1 0 1 0 1 0 1 0 0 1 0 0 1 0 0 0 1 1 0 1 1 0 1 1 0 1 1 0 0 1 0 1 0 0 0 1 1 1 0 1 1 0 1 0 1 1 0 0 0 1 0 1 1 1 1 1 0 1 0 0 0 1 0 0 1 0 0 0
015544 103 1 1 0 0 0 0 1 0 1 0 0 1 0 1 0 1 1 0 0 1 1 0 1 0 0 0 0 1 1 1 0 1 1 0 0 1 0 1 1 1 0 0 1 0 1 1 1 0 0 0 1 0 0 0 1 1 0 1 0 1 0 1 0 1 1 0 0 0 0 1 1 1 0 0 1 0 0 1 0 1 0 0 0 0 0 1 0 0 1 0 1 0 1 0 1 0 0 0 0 0 1 0 1 1 1 1 0 1 0 1 0 0 1 1 1 0 1 0 1 1 1 0 1 1 1 1 0 0 0 0 0 0 0 0 1 0 1 0 0 0 0 1 1 1 1 0 1 1 0 1 0 0 1 1 0 1 1 0 1 1 1 1 1 0 1 1 0 1 1 1 0 0 1 1 1 0 0 0 0 1 1 0 0 0 0 0 0 0 0 0 0 0 0 1 1 1 1 1 1 0 0 0 1 1 1 1 1 1 1 0 0 0 0 1
036212 109 0 1 0 0 0 0 0 1 1 0 0 0 0 0 0 1 1 0 1 0 1 1 1 0 0 0 1 0 0 0 0 0 1 0 0 1 1 0 0 1 1 1 0 0 1 1 0 0 1 0 1 1 1 1 0 1 1 0 0 1 1 0 1 0 1 1 0 0 1 1 1 1 1 0 1 1 0 0 1 1 1 1 0 1 0 1 0 1 0 1 1 1 0 1 0 1 1 0 0 1 0 1 1 0 0 1 1 0 1 1 1 1 1 0 1 1 0 1 0 1 0 0 0 0 1 1 1 0 0 0 1 0 0 0 1 1 1 0 1 0 0 1 0 1 1 1 0 0 1 0 0 1 0 0 1 1 0 1 1 1 0 1 1 0 0 1 1 1 0 0 1 0 0 1 1 1 1 1 0 0 0 1 1 0 1 0 1 0 1 1 0 1 0 0 1 1 1 0 0 0 1 1 0 0 1 0 0 0 0 1 0 0 1 0
036252 112 0 1 1 0 1 0 1 0 0 0 1 1 0 0 1 0 0 0 0 0 1 1 1 1 0 0 0 1 1 0 1 1 1 0 0 0 1 1 0 1 1 1 1 0 1 0 1 1 1 1 1 1 1 0 1 1 1 0 1 1 0 0 1 1 1 1 1 0 1 1 0 0 0 1 1 1 1 1 1 1 1 0 0 0 1 0 1 0 0 0 1 0 0 0 0 1 1 0 0 1 1 0 1 1 0 0 1 0 0 1 0 0 0 1 1 0 0 0 0 1 1 1 1 0 1 1 1 1 1 1 1 0 0 0 0 1 0 0 1 0 1 0 1 1 0 1 1 1 1 0 0 0 1 0 1 0 1 1 1 1 1 1 0 1 0 0 0 0 0 0 1 0 0 1 1 1 0 1 1 0 0 1 1 1 0 0 0 1 1 0 1 0 0 1 0 0 0 1 0 0 0 1 0 0 1 0 1 1 0 0 1 1 0 0
036262 109 0 1 0 0 0 1 1 1 0 1 0 1 1 0 0 0 0 1 0 1 0 1 1 1 1 0 0 1 0 0 1 0 1 1 0 0 1 0 1 0 1 0 1 1 0 1 0 1 1 1 0 1 0 1 0 1 0 0 1 1 1 0 1 0 0 0 0 1 1 1 0 0 0 0 1 0 0 1 1 0 0 1 0 1 0 0 0 0 0 1 1 1 1 1 0 0 0 1 1 0 0 0 1 0 0 1 1 0 0 1 1 1 1 0 1 0 1 0 0 1 0 0 1 1 1 0 0 0 0 0 1 1 1 0 0 1 0 0 0 0 1 0 0 0 0 1 1 1 1 1 0 1 1 1 1 1 1 1 0 0 1 0 1 0 1 0 1 1 1 1 1 1 1 1 0 0 1 1 1 0 1 1 1 0 1 1 0 0 1 0 0 0 1 1 0 0 1 0 1 0 1 0 0 1 0 0 0 1 1 1 1 1 0 0
036272 107 0 0 0 1 1 1 0 1 0 1 0 1 0 0 1 0 1 1 0 0 1 1 0 0 1 0 0 0 1 1 0 0 1 1 0 1 0 0 1 1 0 1 0 0 0 0 1 0 0 0 1 1 1 0 1 0 1 0 0 1 1 1 1 1 0 1 1 0 0 1 1 1 0 1 1 0 1 0 1 0 1 0 0 0 1 1 0 1 0 0 1 0 1 0 0 0 1 1 0 0 0 0 0 0 0 0 1 1 0 0 1 0 1 0 1 0 0 0 0 0 0 1 1 1 1 1 0 1 1 0 1 0 1 1 1 0 1 1 0 1 0 0 1 0 0 0 1 0 1 1 1 0 0 1 0 1 1 1 0 1 0 1 0 0 0 0 0 1 0 1 1 0 0 1 1 0 1 1 0 1 1 1 1 1 1 1 1 0 1 0 1 1 1 0 0 1 1 1 0 0 1 1 1 0 1 1 1 0 0 0 0 1 0 0
049970 121 0 0 0 1 1 1 1 1 0 1 1 1 0 1 0 0 0 0 1 0 1 1 0 0 0 1 1 1 0 1 1 0 1 0 0 1 1 0 0 0 1 0 0 0 1 1 1 1 0 1 1 0 1 1 0 0 1 1 1 0 0 1 1 0 1 1 0 1 1 0 1 1 0 1 1 1 1 1 1 0 1 1 1 0 0 1 1 1 0 0 1 0 0 1 1 0 1 1 1 1 0 1 0 1 1 1 0 0 1 0 0 1 0 0 1 1 1 1 0 1 1 0 0 0 1 1 1 1 0 0 0 1 1 0 0 1 0 1 0 0 1 1 1 0 1 1 1 1 0 0 0 1 0 1 0 0 0 1 1 1 0 1 1 0 1 1 1 1 1 1 0 1 1 0 0 1 1 1 0 0 1 1 1 0 0 1 0 1 0 1 0 1 0 0 1 0 1 1 0 0 1 1 1 1 0 0 0 0 1 1 0 0 1 0
053341 109 0 0 0 0 0 0 0 0 0 0 1 0 0 1 0 1 0 1 1 1 1 0 1 1 1 0 1 1 1 1 1 0 0 0 1 0 1 1 1 0 0 0 1 0 0 1 1 1 1 1 1 0 0 0 0 1 1 1 0 1 0 1 1 0 1 0 1 1 1 1 0 1 1 1 1 0 1 1 1 1 0 1 1 1 0 0 1 0 0 0 1 1 1 1 0 1 0 0 0 1 0 1 1 0 0 0 0 1 1 0 1 1 1 0 1 1 0 0 0 0 0 0 0 0 0 0 0 1 0 1 0 0 0 0 0 1 1 0 0 1 1 0 0 1 1 0 1 1 1 0 1 0 0 0 1 0 1 1 0 0 1 0 1 1 1 1 0 0 0 1 0 1 1 1 1 1 1 0 0 1 0 1 0 0 0 0 1 0 0 0 1 1 0 1 0 1 1 1 0 1 0 1 0 1 1 1 0 1 1 1 1 0 0 0
053370 114 0 1 0 1 0 1 1 0 1 1 0 0 0 0 0 0 1 1 1 0 0 1 1 1 0 1 1 0 0 1 1 0 1 0 1 1 0 1 1 1 0 0 0 1 1 0 1 1 0 1 1 0 1 0 0 1 1 1 0 1 1 0 0 1 0 0 1 0 0 0 0 1 0 0 0 0 1 1 1 0 1 1 0 1 1 1 1 1 0 0 1 1 1 1 1 0 1 0 1 1 1 1 0 0 1 0 0 0 1 0 1 1 1 0 0 1 1 1 1 0 0 0 1 0 0 0 1 0 1 1 1 0 1 1 0 0 0 0 0 1 0 0 1 0 0 1 0 1 0 0 1 0 0 1 0 0 0 0 1 1 1 0 1 1 0 1 1 1 0 1 1 1 1 0 0 1 1 1 0 0 1 0 1 1 1 0 0 1 1 0 1 0 1 1 1 1 0 0 0 1 1 0 0 1 0 1 0 0 1 1 0 1 1 1
053371 101 0 1 0 1 0 0 1 0 1 1 0 1 1 0 1 0 0 0 0 0 0 0 1 1 1 0 1 0 0 1 0 0 1 0 0 0 0 0 1 1 0 1 1 1 1 0 1 1 1 1 1 0 0 0 0 0 1 0 0 1 0 1 0 0 1 1 1 1 1 0 0 0 0 1 0 0 1 0 1 0 0 1 0 0 1 0 0 0 1 0 0 1 0 1 0 0 1 0 1 0 1 0 1 1 1 1 1 0 1 0 1 0 0 1 1 1 1 1 0 1 1 1 1 1 0 1 0 0 1 1 1 0 0 0 0 1 0 1 1 0 0 0 1 0 0 0 0 0 1 0 1 0 1 0 0 1 1 1 1 0 1 0 0 0 0 1 1 0 1 0 1 0 0 0 0 0 1 1 0 0 1 0 0 0 0 1 1 1 0 1 1 1 0 1 1 1 1 1 0 0 0 0 0 0 0 1 1 1 0 0 1 1 0 1
053380 113 0 1 1 1 0 1 0 0 1 1 0 1 1 1 1 1 1 1 0 1 1 1 1 0 0 0 1 0 1 1 1 0 1 1 1 1 1 0 0 0 0 0 0 1 0 0 0 1 0 0 0 1 1 0 0 1 1 0 0 0 0 1 0 1 1 1 0 0 1 0 1 1 1 1 1 0 1 1 1 0 0 0 1 1 0 0 0 1 1 0 1 1 1 0 1 1 0 0 0 1 1 0 0 1 1 0 1 0 0 1 1 1 1 0 0 0 1 0 0 0 0 1 0 1 0 1 0 1 0 0 0 0 0 1 1 0 1 1 0 0 0 0 0 1 1 0 1 1 1 0 0 0 0 0 1 0 0 1 1 0 0 1 0 1 0 1 0 0 0 1 1 1 1 0 1 1 1 1 0 1 1 0 0 0 0 1 0 0 1 1 1 1 1 0 0 1 1 1 1 1 1 1 1 1 1 1 0 0 1 1 0 0 0 1
053390 106 1 0 1 0 1 0 0 1 1 0 0 0 1 0 1 1 1 1 0 1 1 1 1 0 1 0 1 0 1 0 0 1 1 0 0 0 0 0 1 1 0 1 0 1 0 1 1 0 0 1 0 1 1 0 0 0 1 1 1 0 1 1 1 1 1 0 0 1 0 1 0 1 0 1 1 0 0 1 0 0 0 0 0 1 1 1 0 1 1 1 1 1 1 1 0 1 0 0 1 0 0 1 1 1 1 0 1 0 0 0 0 0 0 0 0 0 1 0 0 1 0 1 1 0 1 0 1 1 1 1 0 1 1 0 0 0 1 0 0 0 0 0 0 1 0 0 1 0 1 1 0 1 0 1 1 1 1 0 1 1 1 1 0 1 0 0 0 1 1 0 1 0 0 0 0 0 1 0 1 1 0 0 0 1 1 1 0 0 0 1 0 0 0 0 1 0 0 1 0 0 1 0 1 1 0 1 1 1 0 1 0 1 1 0
053391 098 1 1 1 1 0 1 0 0 0 1 1 0 0 0 0 1 1 0 1 1 1 1 0 1 0 1 0 0 1 1 1 1 0 1 0 0 1 1 1 0 0 0 1 1 0 1 0 1 0 1 1 0 0 1 1 0 0 0 0 1 0 1 0 0 0 0 1 1 0 0 0 1 0 1 0 1 1 0 1 1 1 1 0 1 0 0 0 1 1 0 0 1 1 0 0 0 1 1 0 1 0 1 0 1 0 0 1 0 1 1 0 1 0 1 1 1 0 0 1 0 0 1 0 0 0 1 0 1 1 0 0 1 0 1 0 1 1 0 1 1 0 0 0 1 1 1 0 1 1 0 0 0 1 0 1 0 1 1 0 0 0 1 0 1 0 0 0 1 0 1 1 0 1 0 1 1 0 0 0 0 0 1 0 1 0 1 1 0 0 1 0 1 0 0 0 0 1 0 0 0 0 0 0 0 0 0 1 0 1 0 0 1 0 0
053400 108 1 0 1 0 0 1 1 0 0 0 1 1 1 1 1 1 0 0 1 1 0 1 0 1 1 0 0 0 1 1 1 1 0 1 1 0 0 1 1 1 1 1 1 1 1 1 0 1 0 0 0 0 0 0 0 1 1 1 0 1 1 0 1 1 0 0 0 1 0 0 0 0 1 0 1 0 0 1 0 1 0 0 1 0 0 1 0 1 0 0 1 1 1 0 0 1 0 1 1 1 1 0 0 1 0 1 0 0 0 0 1 1 1 0 0 1 1 1 0 1 1 0 0 1 0 0 0 1 1 0 1 1 1 1 0 0 0 1 0 0 1 1 1 0 0 1 1 0 0 0 1 0 1 1 1 0 0 1 1 0 0 0 1 0 1 1 0 1 0 1 1 0 1 0 1 0 0 0 0 0 1 0 1 0 0 0 1 1 1 1 0 0 0 0 0 1 0 0 1 0 0 1 1 0 1 1 0 0 0 1 1 1 1 1
054291 112 0 1 0 1 1 1 0 0 0 0 1 1 0 1 0 0 1 1 0 0 1 1 1 0 0 1 1 1 0 0 0 1 1 1 0 1 0 1 1 0 1 0 1 1 1 0 0 1 0 0 0 1 1 0 0 1 1 1 1 1 0 0 1 0 1 1 0 1 1 1 0 1 1 0 0 1 0 0 1 0 1 1 1 0 1 0 1 1 0 1 0 0 0 1 1 1 0 1 0 0 0 0 1 1 1 1 0 0 0 0 0 0 1 1 1 0 1 1 0 0 1 0 1 0 0 0 1 1 1 0 1 1 1 0 0 0 1 1 0 0 1 0 1 0 0 0 0 1 1 1 1 1 0 1 1 1 1 1 1 1 0 0 1 1 0 0 1 0 0 0 0 1 1 0 1 1 0 1 0 0 1 0 0 1 0 1 0 0 1 1 0 1 1 0 1 0 0 1 0 1 1 0 0 1 0 1 0 1 1 0 1 0 1 0
056230 099 1 0 0 0 1 1 0 1 1 0 0 1 0 1 1 0 1 1 1 0 1 0 0 1 1 0 1 0 1 1 1 1 1 1 1 0 1 1 0 0 1 0 0 0 1 0 0 1 0 1 1 0 0 1 1 0 1 1 0 0 0 0 0 0 1 1 1 1 0 0 0 0 0 0 0 0 1 0 1 1 1 0 0 1 0 1 0 0 0 1 1 1 0 1 0 1 1 1 0 0 0 1 0 1 1 0 0 1 1 0 0 1 0 0 0 0 1 1 1 0 0 0 0 1 0 1 0 1 0 0 0 0 1 1 1 0 1 0 1 0 0 0 1 1 0 0 1 0 0 1 1 1 0 1 0 0 1 0 0 1 1 0 0 0 0 1 1 1 1 0 1 0 0 1 0 1 0 1 0 0 0 1 0 0 1 0 0 1 0 0 1 1 0 1 1 0 1 0 0 1 0 0 0 1 0 1 1 1 0 0 0 1 0 0
062030 113 1 1 0 1 1 0 0 1 1 1 0 1 0 0 0 0 0 0 1 1 1 1 1 1 1 0 1 0 1 0 1 0 1 0 1 1 0 0 1 1 1 0 0 1 1 0 0 1 1 0 1 0 1 1 0 0 1 1 1 0 0 0 1 1 1 0 1 0 1 1 1 1 1 0 0 0 1 1 0 1 1 0 0 1 1 0 0 0 1 0 1 1 0 0 1 1 1 1 0 1 1 1 0 0 1 0 1 0 0 0 1 0 0 1 1 1 0 0 1 1 0 0 0 0 0 0 1 1 1 1 1 1 0 1 1 1 1 1 0 0 1 1 0 1 0 1 0 0 1 0 0 0 1 0 1 0 1 1 0 0 0 0 0 1 0 1 0 1 0 1 1 0 1 1 1 1 0 0 0 1 0 0 0 1 0 1 0 0 0 1 1 1 0 1 0 0 0 0 1 1 1 1 1 0 1 1 1 0 0 1 0 0 1 0
073130 100 1 0 1 1 0 0 0 1 1 0 1 0 1 1 1 0 1 1 1 0 1 0 1 1 1 0 0 1 1 1 1 1 1 1 1 0 0 0 1 1 1 1 1 1 1 0 1 0 0 0 1 0 1 0 0 1 0 1 1 1 0 1 0 0 0 0 1 1 0 0 1 1 0 0 0 0 0 0 0 0 1 1 0 0 1 0 0 0 1 0 1 0 0 1 0 0 0 0 1 0 0 0 1 0 1 1 1 1 1 0 0 1 0 1 0 0 1 0 0 0 1 0 0 1 1 0 1 0 0 0 0 1 0 1 1 0 1 1 1 0 1 0 1 0 1 0 0 0 0 0 0 0 0 1 0 1 1 0 1 0 1 0 1 0 1 1 1 1 1 0 0 1 1 0 0 0 0 0 0 1 0 0 0 0 1 1 0 0 1 0 0 0 0 1 1 1 0 0 1 0 1 0 1 1 0 0 0 1 0 0 1 1 1 0
073150 108 0 1 1 0 0 1 0 0 0 1 1 1 1 0 1 1 0 1 1 1 0 0 1 0 1 1 0 1 1 0 1 0 0 0 1 0 1 1 1 1 0 0 1 1 0 0 1 0 0 1 1 1 1 1 1 1 0 1 0 0 1 1 1 0 1 1 1 0 0 0 1 0 1 0 1 1 0 1 1 1 0 0 0 1 1 1 0 1 0 1 0 0 1 1 0 0 0 1 1 0 1 0 0 0 1 1 0 1 1 0 0 0 0 1 1 1 1 1 1 0 0 1 0 0 1 0 0 1 1 0 1 0 1 1 1 1 0 1 0 1 1 1 1 0 1 0 1 0 0 0 0 0 0 1 1 0 1 1 1 0 1 0 1 0 0 1 1 1 0 0 0 1 0 1 1 1 0 1 0 1 0 0 0 0 0 0 1 0 0 1 0 0 0 0 1 1 0 0 0 0 0 1 0 1 0 0 1 0 0 1 0 1 0 0
108870 116 0 0 1 1 1 0 1 1 0 0 1 0 1 1 0 1 1 0 0 1 1 0 0 0 1 1 0 1 0 1 0 0 1 0 1 1 1 0 1 0 1 0 0 0 0 1 0 0 1 1 0 1 0 1 1 1 1 0 1 1 0 0 1 0 1 1 0 1 1 0 1 1 0 1 1 1 1 0 1 1 1 1 1 0 0 1 1 1 1 0 0 0 1 1 1 1 1 1 0 1 0 1 0 1 1 1 1 0 0 1 1 0 0 0 1 1 0 1 0 1 1 0 1 1 0 0 1 0 0 1 0 1 0 0 1 1 0 0 0 0 0 1 0 0 1 1 0 0 0 0 1 1 0 1 0 0 0 1 1 1 1 0 1 0 0 0 0 1 0 1 1 0 0 1 1 1 0 0 1 1 0 1 1 1 0 1 0 0 1 0 0 1 1 1 0 1 0 0 1 1 0 0 1 1 1 0 1 0 0 1 1 0 1 1
013177 104 1 0 0 0 1 1 1 0 0 1 0 1 1 0 0 0 1 0 0 0 1 1 1 1 0 1 1 0 0 1 0 1 0 1 1 1 1 1 1 1 1 1 1 0 1 0 1 0 1 1 1 0 0 1 0 1 0 0 1 1 1 1 0 0 0 1 0 1 1 1 0 1 0 0 0 1 1 0 1 0 0 0 1 0 1 0 0 0 0 0 1 0 0 1 0 1 0 0 0 0 0 0 1 0 0 1 1 1 1 0 0 1 0 1 0 1 1 1 0 0 1 0 1 1 1 1 0 0 0 1 1 0 0 0 0 1 0 1 1 1 0 0 0 1 1 1 0 0 0 1 0 0 1 0 0 0 1 0 0 1 0 0 1 0 0 0 0 1 0 1 0 0 1 0 0 0 1 0 1 1 1 0 0 0 0 1 0 1 1 1 1 1 0 1 0 1 1 0 1 1 0 1 0 1 0 0 1 1 1 1 0 0 1 0
007643 101 1 1 0 0 1 0 0 1 1 0 0 1 0 0 0 1 1 1 1 1 1 1 1 0 1 0 0 0 1 1 0 1 1 1 1 1 0 0 0 1 0 1 0 0 0 1 1 1 0 0 1 1 1 0 0 0 0 0 0 0 1 0 0 1 1 0 1 0 1 0 1 0 0 1 1 1 0 0 1 1 0 1 0 1 1 1 1 0 0 0 0 1 1 1 0 0 1 0 1 0 0 1 1 1 1 1 1 0 0 1 0 1 0 1 1 0 1 1 1 0 0 0 0 0 1 0 1 0 1 0 0 0 1 0 1 0 1 0 0 0 0 1 0 0 1 1 0 0 0 1 0 0 1 1 0 0 1 0 1 0 0 1 0 0 1 0 0 1 0 1 0 0 0 0 1 1 0 0 1 1 0 1 1 1 1 0 0 1 0 0 1 0 1 0 0 1 0 1 1 0 0 1 1 0 0 1 0 0 0 1 0 0 0 1
009912 103 0 0 1 1 1 0 0 0 0 0 0 1 0 1 1 0 1 0 1 1 0 1 0 1 0 1 0 1 0 1 0 0 0 1 0 1 0 0 0 1 0 0 1 1 0 1 0 1 0 0 1 1 1 1 0 0 1 1 1 1 1 1 0 1 0 0 0 0 1 0 1 1 1 0 1 0 1 1 0 1 0 0 1 1 0 0 1 0 0 1 1 1 1 0 0 1 1 1 1 1 1 1 0 0 0 0 0 1 0 0 1 0 1 0 1 0 1 0 1 1 1 1 0 0 1 1 1 1 1 1 1 1 0 1 1 0 0 0 0 1 0 0 1 1 0 0 1 0 0 0 1 1 0 0 0 1 1 0 0 1 1 0 0 1 0 0 0 0 1 0 0 0 1 0 0 1 0 0 0 0 0 0 0 0 0 1 0 1 0 0 1 1 0 0 0 1 1 1 1 0 1 0 0 1 1 0 0 1 1 1 0 1 0 1
010491 112 1 0 0 0 0 1 1 0 0 1 0 1 1 1 1 1 0 0 1 1 0 1 0 1 1 0 1 1 1 1 1 1 0 1 1 1 0 1 1 1 0 1 0 1 0 1 0 0 1 1 1 1 1 1 0 1 0 1 0 0 0 0 1 1 1 1 1 0 0 1 0 0 1 1 0 1 0 1 1 0 1 1 0 0 1 0 0 1 1 0 1 0 1 1 1 0 1 0 1 0 0 0 1 1 1 0 0 0 0 0 1 0 1 0 1 1 1 0 0 1 1 1 1 1 1 0 0 0 1 0 0 1 0 0 1 1 1 0 1 0 0 1 0 1 1 1 0 1 1 1 0 1 0 0 1 0 0 1 0 1 0 0 0 0 1 1 0 1 0 0 0 0 1 1 1 1 0 0 1 0 1 1 1 0 0 0 0 1 0 0 0 1 0 0 0 1 1 0 1 0 0 0 1 0 1 0 0 0 1 1 0 1 0 1
013016 120 0 0 0 1 1 0 1 1 0 1 1 1 1 1 1 0 0 1 0 1 0 1 0 0 1 0 1 0 1 1 1 1 1 1 1 0 0 1 1 1 1 0 1 1 1 0 1 1 0 1 0 1 1 1 1 1 1 0 1 1 1 0 1 1 1 1 1 0 0 1 0 0 0 0 1 0 0 1 0 1 0 0 1 0 1 1 1 1 0 1 0 0 1 1 0 0 0 1 1 1 1 0 1 0 0 0 1 1 0 0 0 1 1 1 1 0 0 1 1 1 1 0 1 1 1 0 1 0 1 0 0 0 1 1 1 0 0 1 0 0 1 1 1 1 1 0 1 0 1 0 0 0 0 1 0 1 1 1 1 0 0 0 1 1 0 1 1 0 1 0 0 0 1 0 1 1 0 1 0 1 1 0 0 1 1 1 0 1 1 0 0 1 0 1 1 1 0 0 0 0 1 0 0 1 0 0 0 1 0 1 0 1 1 0
013393 116 1 0 1 1 0 1 1 1 1 1 0 0 0 0 0 0 1 1 1 0 1 1 0 1 1 1 1 1 0 1 0 0 0 1 1 0 1 0 0 1 1 0 0 1 1 0 1 0 0 1 1 0 0 0 1 0 1 0 0 1 1 0 1 0 0 1 1 0 0 0 0 1 0 1 1 1 0 0 0 1 1 1 0 1 1 0 0 1 1 1 0 1 0 0 0 0 1 0 1 1 1 1 0 0 0 0 1 1 0 1 1 1 1 0 0 1 1 1 1 1 0 1 1 1 0 1 0 1 0 1 1 1 1 0 1 1 0 0 0 1 0 1 0 0 1 0 0 1 0 0 0 0 1 0 1 0 0 0 1 1 1 1 1 0 0 0 1 1 1 1 1 1 1 0 0 1 0 0 1 1 1 1 1 1 0 0 0 1 0 1 1 0 0 1 1 0 1 1 0 1 1 0 1 1 0 0 0 1 1 0 1 0 1 0
001347 114 1 0 0 1 1 0 1 1 0 0 0 0 1 0 0 0 0 1 1 0 0 1 0 1 1 0 0 1 1 0 0 0 1 1 1 1 1 0 1 1 1 1 0 0 1 1 1 0 0 1 1 0 0 0 0 1 0 1 1 0 0 1 1 1 1 1 0 0 0 1 1 0 1 0 1 1 1 1 0 0 1 1 0 1 1 1 0 0 1 1 0 1 1 1 1 1 0 0 0 1 1 1 0 0 0 1 1 0 1 0 0 1 1 1 0 1 1 0 0 0 0 0 0 0 0 1 0 0 1 1 0 1 0 1 1 1 0 1 0 1 0 1 1 0 1 1 1 1 1 0 1 1 1 0 1 0 0 0 1 1 1 0 1 0 1 0 0 1 1 1 0 0 1 0 0 1 1 0 1 0 1 1 1 0 1 1 0 0 1 1 0 1 1 0 0 1 0 1 1 0 1 0 0 0 0 1 0 0 0 1 0 0 1 1
001350 112 1 0 1 1 0 1 0 0 0 1 1 1 1 1 0 0 0 0 0 1 1 1 1 0 0 0 0 0 1 0 1 0 0 1 0 1 0 0 0 0 1 0 0 0 1 1 1 1 1 0 0 1 1 1 0 1 0 1 1 1 0 0 0 0 1 0 1 1 1 1 1 0 0 0 0 1 0 0 0 1 1 0 0 1 1 1 1 0 0 0 1 1 0 0 1 0 0 0 1 1 1 1 0 1 0 0 1 1 1 1 0 1 0 1 1 1 0 1 1 1 1 0 0 0 1 0 1 0 0 1 0 0 1 1 1 1 1 1 0 1 1 0 1 1 1 0 1 0 1 1 0 0 0 1 1 0 0 0 0 0 1 1 1 1 0 0 0 0 0 1 1 1 1 1 1 1 0 1 1 1 0 0 0 1 0 1 1 1 1 1 0 0 1 1 1 0 1 0 1 1 0 0 0 0 0 0 1 0 1 0 1 0 1 0
013517 111 0 1 0 0 1 0 0 1 1 0 0 1 0 0 0 1 0 0 1 1 1 1 0 1 1 0 0 1 0 1 1 1 1 0 0 1 1 1 1 0 1 0 0 0 1 1 1 1 0 0 1 0 0 1 1 0 1 0 1 0 1 0 0 0 1 0 1 0 1 1 0 0 1 1 0 1 0 0 0 0 1 1 1 0 1 0 1 0 0 0 0 1 0 1 0 1 1 1 0 0 0 1 1 0 0 0 0 0 1 1 0 1 1 1 0 0 0 0 0 0 1 0 1 0 1 0 1 1 0 0 1 1 1 1 0 0 1 0 1 1 1 1 0 1 1 0 0 1 1 1 0 1 0 0 1 1 1 0 0 0 0 1 1 1 1 1 1 0 1 0 0 1 1 0 1 1 0 0 1 1 0 0 1 0 0 1 1 1 1 0 0 1 0 0 1 1 1 1 1 0 1 1 0 0 0 1 0 1 0 1 1 1 1 0
013567 094 1 1 0 1 0 0 0 1 0 1 1 1 0 0 0 1 1 0 1 0 0 0 1 1 1 0 0 1 0 1 0 1 0 0 0 1 0 1 0 1 0 1 0 0 1 0 0 0 1 0 0 1 0 0 0 1 1 0 0 1 1 0 0 1 0 0 0 0 0 1 0 1 0 0 0 1 0 1 0 1 1 0 0 1 0 0 0 0 0 1 0 0 0 0 0 0 0 1 1 1 0 1 1 0 0 0 0 1 0 1 0 1 0 0 1 0 1 1 1 1 0 0 0 0 1 0 0 0 0 1 0 1 1 1 0 1 1 0 1 0 0 1 0 0 1 1 0 0 0 1 1 0 1 1 0 1 1 0 0 0 0 0 0 0 0 1 1 1 0 0 1 1 0 0 0 0 0 0 1 1 1 0 0 1 1 0 1 0 1 0 1 1 0 0 0 0 1 1 0 1 1 1 1 1 1 1 1 0 1 1 1 0 0 1
001358 100 0 1 0 1 1 0 0 1 1 0 1 0 1 0 0 1 0 1 0 0 1 0 0 0 1 0 1 1 0 0 1 1 1 0 1 1 1 1 1 1 0 1 1 1 1 1 0 1 0 1 1 0 0 0 1 0 0 1 1 0 0 0 0 1 0 1 0 0 1 0 1 1 0 0 0 0 1 1 0 0 0 1 1 1 0 0 1 0 0 1 1 0 1 0 1 0 0 0 0 1 0 1 1 1 1 1 0 1 0 0 0 1 0 0 1 1 1 0 0 0 1 1 1 0 0 1 1 1 0 0 0 1 0 1 1 0 0 1 1 1 0 1 0 0 0 1 0 1 1 1 0 0 1 0 0 1 1 1 0 0 0 0 1 1 1 1 0 1 0 0 0 0 0 1 0 0 1 0 0 1 1 1 0 0 1 0 1 1 0 0 0 0 0 0 0 0 1 0 1 0 1 1 0 1 0 0 1 0 0 0 0 0 1 0
014474 094 0 1 0 1 1 1 0 1 1 1 0 0 0 0 0 0 1 0 0 0 1 0 1 1 0 1 0 0 1 0 0 1 1 1 1 1 0 0 1 1 0 0 0 0 0 0 1 0 0 0 1 0 0 0 0 1 1 0 0 0 0 1 1 0 1 0 0 0 1 1 0 1 0 0 1 0 1 0 1 0 0 1 1 1 0 1 0 1 1 1 1 0 1 1 0 1 1 1 0 0 0 1 1 0 0 1 1 0 0 0 0 0 1 0 1 0 0 0 0 0 0 1 1 1 0 1 1 0 1 1 0 1 1 1 0 1 1 0 0 0 1 1 1 0 0 0 0 0 0 0 0 1 0 0 0 1 0 1 1 0 0 0 1 0 0 1 0 1 0 0 0 0 1 0 1 1 1 1 1 1 0 1 0 0 1 0 1 1 1 0 0 0 1 0 0 0 1 0 0 0 1 1 0 0 1 1 0 0 0 0 0 0 1 1
014504 110 0 1 0 1 1 0 0 1 0 1 1 1 0 1 1 1 0 0 1 1 0 1 1 1 1 0 1 0 1 0 1 1 1 0 1 0 0 1 0 1 1 0 1 1 0 0 0 0 0 0 1 0 0 0 1 0 1 1 0 1 0 0 0 1 0 0 1 0 1 0 1 0 0 0 1 0 1 0 0 1 1 0 1 0 1 0 0 0 1 1 1 1 0 1 0 1 1 0 0 1 0 1 1 1 0 1 1 0 1 1 0 0 1 0 0 0 1 1 1 0 1 1 0 0 1 0 0 0 1 0 1 1 1 0 1 0 1 1 1 0 0 0 0 1 1 0 0 1 1 1 1 0 0 0 1 1 1 1 1 0 1 1 0 1 1 1 0 0 1 1 1 0 0 1 1 0 1 0 1 1 0 1 0 0 1 1 0 0 0 1 0 1 0 0 0 1 0 1 1 1 1 0 0 0 0 0 0 0 1 0 1 1 0 1
018862 106 1 0 1 1 1 0 0 0 1 1 1 1 1 0 0 0 0 0 1 1 1 0 1 1 0 0 1 0 0 0 0 0 1 1 0 0 0 1 0 1 1 1 1 1 0 1 0 0 0 1 0 1 0 0 1 0 0 1 1 1 1 1 0 1 0 0 1 0 0 0 0 1 0 1 1 0 1 0 1 1 0 1 0 0 0 1 1 1 1 1 1 1 1 0 1 1 1 1 1 1 0 1 1 0 1 1 0 1 1 0 0 0 1 1 0 0 1 1 0 0 0 0 0 0 1 1 0 0 0 0 1 0 0 1 0 0 0 1 1 0 1 1 1 0 1 0 1 0 0 0 0 0 1 0 1 0 0 1 1 0 1 0 1 0 1 1 0 0 1 0 1 0 0 1 1 0 0 0 0 0 1 1 0 0 1 0 1 1 1 0 0 1 1 0 0 0 0 1 1 1 0 1 1 0 1 1 1 1 0 0 0 0 0 1
030621 113 1 1 0 1 1 0 1 0 0 1 1 0 0 0 1 0 0 0 1 0 0 1 0 1 0 1 1 1 0 0 0 1 0 1 1 0 1 1 1 1 1 1 0 0 0 0 1 0 0 0 0 0 1 1 0 0 0 0 1 0 1 0 0 1 0 0 0 1 1 1 0 0 1 1 0 0 1 1 1 1 0 0 1 0 0 1 1 0 0 0 1 0 1 1 0 1 1 0 1 1 0 0 1 0 0 0 1 1 1 1 1 1 1 0 1 0 1 0 0 1 0 0 1 1 0 1 0 1 0 1 0 1 0 0 1 0 1 1 0 0 0 0 0 1 0 0 0 1 0 0 0 1 0 1 0 0 1 0 1 0 1 0 1 1 0 1 1 0 0 1 1 1 1 1 1 1 1 1 1 0 1 1 1 0 1 1 1 0 0 1 1 0 1 1 1 1 0 0 1 1 1 0 0 1 1 1 1 1 0 1 1 1 0 1
032391 114 0 0 0 1 0 1 1 1 0 1 1 0 0 1 0 1 0 0 0 0 1 1 1 0 0 1 1 1 1 0 0 1 1 0 0 0 0 1 1 1 0 0 1 1 1 0 0 1 0 1 0 1 1 1 0 0 0 1 1 0 0 1 1 0 0 1 1 1 0 1 0 1 1 1 1 1 0 1 0 1 1 0 0 1 1 0 1 1 1 0 0 1 0 0 1 0 0 1 0 1 0 0 0 1 1 1 0 1 0 0 1 0 0 1 1 0 0 1 1 0 1 0 0 1 1 1 1 1 1 1 1 1 1 0 0 0 1 1 1 1 1 0 0 1 0 1 1 1 1 0 0 0 0 1 1 0 0 0 1 1 1 1 1 1 1 0 1 1 0 0 0 0 0 1 0 0 1 0 1 1 1 0 0 1 1 0 0 1 1 0 1 1 1 1 0 0 1 1 0 0 1 0 1 1 0 0 0 0 0 1 0 0 0 1
036302 112 0 1 0 0 1 1 1 0 0 0 0 1 0 0 1 0 1 0 0 1 0 1 1 0 1 1 1 0 1 1 0 0 1 0 1 0 0 0 1 1 0 1 1 0 1 0 0 1 1 0 1 1 1 1 1 1 0 0 1 0 1 1 1 1 1 0 0 0 0 1 0 0 0 1 1 1 1 1 1 1 0 0 1 1 1 0 0 1 0 0 1 0 1 0 0 1 1 0 0 1 1 0 0 1 0 0 1 1 1 1 1 1 1 0 1 0 1 1 1 0 0 1 1 1 1 0 1 1 1 0 1 0 1 0 1 0 1 0 1 1 0 0 0 0 1 1 0 1 1 0 0 0 0 0 1 1 0 0 1 1 0 0 0 0 1 1 0 0 0 0 0 0 1 1 0 1 1 0 1 1 1 0 1 0 1 0 0 0 0 0 0 1 1 1 1 0 0 1 0 0 0 1 1 1 0 1 1 1 0 0 1 0 1 1
040582 119 1 1 1 0 0 1 1 0 0 1 1 0 0 0 1 1 0 1 0 0 1 1 0 1 1 1 1 0 0 0 0 1 1 1 1 1 1 0 1 1 1 1 1 1 1 1 1 0 0 1 0 1 0 0 1 1 1 0 0 0 0 1 1 0 0 1 1 0 1 0 1 1 0 0 0 1 1 1 0 1 0 0 0 0 1 1 0 0 1 1 1 0 0 0 1 1 0 1 0 0 0 0 0 1 1 1 1 1 0 0 1 1 1 0 0 0 1 0 1 1 0 1 0 0 1 0 1 1 1 1 0 1 1 0 1 1 1 0 1 0 0 1 1 1 0 1 1 1 1 1 1 1 0 1 0 1 1 0 0 1 1 1 0 0 0 1 0 0 0 0 0 1 0 1 1 1 1 0 0 0 1 0 1 0 1 1 1 1 1 1 0 0 1 1 0 0 0 1 0 0 1 0 1 0 0 1 1 0 0 1 1 1 0 1
050010 103 1 0 0 0 1 1 1 0 1 1 1 1 1 0 0 1 1 0 1 1 1 1 0 1 1 1 0 1 0 0 0 1 1 1 1 0 0 1 0 0 0 1 1 0 0 0 1 0 0 0 1 1 1 1 1 1 1 1 0 0 1 1 1 0 1 0 1 0 0 1 0 0 0 0 1 0 1 1 0 1 0 0 1 1 1 1 0 1 0 1 0 0 1 1 1 0 0 0 1 1 1 0 1 1 0 0 0 0 0 0 0 0 0 1 1 0 0 1 1 0 1 0 0 1 0 1 1 0 0 0 1 1 0 0 1 0 1 0 0 1 0 1 0 0 0 1 0 1 0 0 0 0 1 0 1 1 1 0 1 0 0 0 1 1 0 0 0 0 0 1 0 1 1 0 1 1 1 0 0 1 0 0 1 0 1 0 0 0 1 0 1 0 1 0 0 0 1 0 0 1 0 1 1 0 1 1 0 0 0 1 0 0 1 1
053492 096 0 0 0 0 0 1 1 1 0 0 0 0 0 0 0 1 1 0 1 1 1 0 1 0 1 0 0 1 1 0 0 0 0 0 0 1 0 0 0 1 1 0 1 0 0 1 1 1 0 0 0 1 0 0 0 1 0 1 0 1 1 0 0 1 0 1 1 0 1 1 1 0 0 0 0 0 0 1 0 1 0 1 1 1 1 1 0 0 0 0 0 1 0 1 1 1 1 0 0 0 0 0 1 1 1 1 0 1 0 0 1 0 0 0 1 1 0 1 1 1 0 0 1 0 0 1 0 0 1 0 1 1 0 0 1 1 1 1 1 0 1 0 1 1 0 0 1 0 0 1 1 1 0 0 0 1 1 1 0 0 0 0 1 0 1 0 0 0 1 0 0 1 0 0 0 0 0 0 1 0 0 1 1 0 1 1 1 0 0 1 1 1 0 0 0 1 0 1 1 1 0 1 0 0 1 1 0 0 0 1 1 0 1 0
054301 100 0 1 1 1 0 1 0 1 0 0 1 0 0 1 0 1 1 1 0 1 0 1 1 0 1 1 0 1 0 1 0 1 1 1 0 1 0 0 0 0 0 1 0 1 0 0 0 0 1 0 1 0 0 1 0 1 1 0 0 1 0 1 1 0 0 0 1 1 1 0 0 0 1 0 0 1 1 1 0 1 1 0 0 0 0 0 0 1 0 0 1 0 0 0 1 0 1 1 1 1 0 1 1 0 0 1 1 0 0 0 1 0 0 0 1 0 0 0 0 1 0 0 0 1 0 0 1 0 1 1 0 0 1 1 1 1 0 0 1 1 1 1 1 1 0 1 1 0 0 1 0 0 0 0 0 1 0 1 0 1 0 0 1 1 1 0 0 0 0 0 0 0 0 0 0 0 1 1 1 1 1 1 1 1 0 0 1 1 0 1 0 0 1 1 0 1 0 1 1 0 1 1 0 1 1 1 0 0 0 0 0 0 1 1
056140 098 1 0 1 0 0 1 1 1 1 0 0 1 0 0 0 1 1 0 0 1 0 1 0 0 1 0 0 0 1 1 1 0 1 1 0 1 1 0 1 0 0 0 0 1 1 0 0 1 0 1 1 1 0 1 1 0 0 1 1 0 1 0 0 1 0 0 0 0 0 1 1 0 1 0 1 0 0 1 0 1 1 1 1 1 0 1 0 1 0 0 1 1 0 0 1 0 0 0 1 0 1 0 0 1 1 0 0 1 0 1 0 0 1 0 1 1 0 1 0 0 0 1 0 1 1 0 0 0 1 1 1 0 0 0 1 0 1 1 1 0 1 0 0 0 1 0 0 1 1 0 0 0 0 0 0 1 0 1 1 1 0 0 0 0 1 0 0 1 1 1 0 0 0 1 1 0 1 0 1 0 0 0 1 0 0 1 1 0 1 1 1 0 0 0 1 0 0 0 1 1 1 0 0 1 1 0 0 1 0 0 0 1 0 1
056180 100 1 0 0 0 0 0 1 0 1 1 0 0 0 1 1 0 1 1 0 1 1 0 0 0 1 1 0 0 0 1 0 0 1 0 1 1 1 0 1 1 0 0 0 0 0 0 1 0 0 0 0 1 1 0 0 0 1 1 1 1 1 1 0 0 1 0 0 1 0 0 0 1 0 0 1 1 0 0 1 0 0 1 0 0 1 0 0 0 1 0 1 1 1 1 0 1 0 0 1 0 0 0 0 1 1 0 0 1 1 0 1 1 1 0 0 1 1 0 1 0 0 0 1 0 0 1 0 0 1 0 1 1 0 0 1 0 1 1 1 0 1 0 1 1 1 0 1 1 0 0 1 0 1 1 1 1 1 1 1 0 0 1 0 0 1 0 1 0 1 0 0 0 0 1 0 0 0 0 0 0 0 1 0 1 1 1 1 0 0 1 1 1 1 1 0 1 1 1 0 1 1 0 0 0 0 1 1 0 0 0 1 0 1 0
056440 115 0 1 0 1 1 1 0 0 1 1 1 1 0 0 1 0 1 1 0 1 1 1 1 0 1 0 0 1 0 0 0 0 1 0 0 0 1 0 1 0 1 1 0 1 1 0 1 1 1 1 0 0 1 1 1 1 1 1 1 0 1 1 1 1 1 0 1 0 1 1 1 0 0 1 0 0 1 0 1 1 1 1 0 1 1 1 1 0 0 1 0 0 1 0 1 1 0 0 0 1 1 0 0 1 0 0 0 0 1 0 1 1 0 0 0 1 1 0 0 1 1 1 0 1 0 0 1 0 0 1 0 1 1 1 1 1 0 1 0 0 0 0 0 0 0 1 1 0 1 1 0 0 0 1 0 0 0 1 0 0 1 0 1 1 1 1 1 1 0 0 0 1 1 0 0 1 1 0 0 0 1 1 1 1 0 0 0 1 1 0 1 0 1 1 0 0 0 1 1 1 1 0 0 1 0 0 1 0 1 1 1 1 0 1
057410 107 0 0 1 1 0 0 1 0 0 0 1 0 1 1 0 0 1 1 0 0 1 0 0 1 1 1 0 1 0 1 0 0 0 1 1 0 0 0 1 1 1 0 0 1 1 1 1 0 1 0 1 0 1 1 1 0 1 0 0 1 0 1 0 0 1 0 0 1 1 1 0 1 0 0 0 0 0 1 0 0 0 1 0 1 0 1 1 1 0 0 0 0 1 0 0 0 0 0 1 0 1 0 1 1 1 0 0 0 1 1 1 0 0 1 1 0 1 1 1 1 0 1 1 1 1 1 1 1 0 0 0 1 1 1 0 1 0 1 0 0 1 0 1 1 1 0 1 0 1 1 0 1 0 1 1 0 0 1 1 0 0 1 1 1 1 0 0 1 1 0 0 1 0 0 0 0 1 0 0 1 0 1 0 0 1 1 1 1 1 0 0 0 1 0 0 1 1 0 0 1 0 0 0 0 1 1 1 1 0 0 1 1 0 1
057420 107 1 0 1 0 0 0 0 0 1 1 0 0 0 1 1 1 1 0 1 0 1 1 1 1 1 1 1 1 0 0 1 0 1 0 1 1 0 0 0 1 1 0 0 1 1 1 1 1 0 0 0 0 0 1 1 1 1 0 1 0 1 0 0 1 0 1 0 0 0 1 1 0 0 1 0 1 0 0 1 1 1 0 0 1 1 0 0 1 1 1 0 0 0 0 0 0 0 1 0 0 1 0 0 0 0 1 0 0 1 1 1 1 1 0 1 0 0 0 1 0 1 0 1 1 1 1 0 0 1 0 1 0 1 1 0 0 1 1 1 0 1 0 1 0 1 1 1 0 1 1 0 1 1 1 1 1 1 1 1 0 0 1 0 0 1 0 1 1 1 0 0 0 0 1 0 0 0 1 1 0 1 0 0 0 1 0 0 1 1 0 1 0 0 0 1 1 0 1 0 1 0 1 0 0 0 1 0 1 0 0 0 1 1 0
057430 107 0 1 0 0 1 1 0 1 1 1 0 1 0 0 1 0 1 0 1 1 1 0 0 1 1 1 1 1 1 1 0 0 0 1 1 1 1 0 0 1 0 0 1 0 1 1 0 0 0 0 1 1 0 1 1 0 1 0 1 1 0 1 1 0 0 1 0 1 1 0 1 1 0 0 0 1 0 0 0 1 1 1 1 0 1 1 1 1 0 0 0 0 0 0 1 1 0 1 1 1 0 1 1 0 0 0 1 0 0 0 1 1 0 1 1 0 0 0 0 0 1 1 1 1 1 0 0 1 0 1 0 0 1 0 1 1 1 1 1 1 1 1 0 0 0 0 0 0 0 0 1 0 0 0 0 0 1 0 0 0 1 1 1 0 1 1 1 1 1 0 1 1 0 1 1 0 0 0 0 1 0 1 0 1 1 0 0 1 0 1 1 0 1 0 1 0 1 0 0 0 0 1 0 0 1 0 1 0 1 0 0 0 1 0
079040 101 0 1 1 0 0 1 0 1 0 1 0 0 0 1 1 0 1 1 0 1 1 1 0 0 1 0 1 0 0 1 1 1 1 0 0 0 1 0 0 1 1 0 1 0 1 1 0 0 1 0 0 0 0 0 0 0 0 1 0 1 1 0 0 1 1 1 0 0 1 0 1 0 0 1 1 1 1 0 1 1 0 1 1 0 0 0 0 1 1 1 0 0 1 1 1 1 1 0 0 0 1 0 0 0 1 0 1 1 1 0 1 0 1 0 0 0 1 1 1 1 0 0 1 0 0 1 1 1 1 1 1 0 1 1 1 1 1 0 1 1 1 0 0 0 1 1 0 0 1 0 0 0 0 0 1 0 0 1 0 0 0 1 0 0 1 0 0 0 0 0 1 0 0 0 0 1 0 0 0 0 0 1 0 0 0 0 0 0 0 1 1 0 0 0 1 1 1 1 1 1 0 1 1 1 0 1 1 1 1 0 0 1 0 0
079050 107 0 0 1 1 1 1 1 0 0 0 1 0 0 1 1 0 1 0 1 1 1 1 1 0 0 0 0 1 1 0 0 1 0 1 1 1 0 0 1 1 1 1 0 1 1 1 1 1 1 0 0 1 0 0 1 0 1 1 1 1 0 1 1 1 0 1 1 1 0 0 1 0 1 0 1 0 1 0 1 0 1 1 0 0 0 1 1 0 1 0 0 0 1 1 1 0 1 1 0 1 0 0 0 1 1 1 0 1 0 0 0 0 0 0 1 1 0 1 1 1 1 1 1 0 1 0 0 1 0 1 0 0 0 1 1 0 0 0 0 0 0 1 0 0 0 0 0 0 0 1 1 1 0 1 0 1 1 1 1 1 0 1 1 0 1 1 1 0 0 1 1 1 0 0 0 1 0 0 0 0 1 1 1 1 1 0 1 0 1 0 1 0 0 0 0 0 0 1 1 0 1 0 0 0 0 0 0 0 0 0 1 0 0 1
079090 117 1 0 0 0 0 1 1 1 1 1 1 1 0 1 1 1 1 1 1 1 1 0 0 1 1 0 0 0 1 1 0 1 0 1 0 1 0 0 1 1 1 1 1 0 1 1 1 0 0 0 1 0 1 1 1 0 0 0 1 1 1 1 0 1 0 0 1 1 0 1 0 1 1 1 0 0 0 0 1 1 1 1 0 0 0 0 0 1 0 1 1 0 1 0 0 0 0 1 0 0 0 0 1 0 0 1 1 1 1 1 1 0 0 0 1 0 1 1 0 1 1 0 1 0 1 0 1 1 0 1 0 1 0 0 0 1 0 1 0 0 1 1 0 0 0 0 1 1 1 1 1 1 0 0 1 1 0 1 1 1 1 1 1 0 0 1 1 0 1 0 1 0 0 0 1 0 1 0 0 0 1 1 0 0 1 1 1 1 0 0 0 1 0 1 0 1 0 1 1 0 1 0 1 1 1 1 0 1 0 1 0 0 1 1
079100 107 0 1 0 1 0 0 0 1 0 0 1 1 0 1 0 0 1 1 0 1 0 0 1 0 0 1 0 1 0 1 0 0 1 1 1 1 0 0 0 1 1 1 0 1 0 0 0 1 0 0 1 1 0 1 1 1 1 0 1 0 1 1 0 1 0 1 1 0 0 0 1 0 1 0 0 0 1 0 0 0 0 1 1 1 0 0 1 1 1 0 1 0 1 0 0 0 1 0 0 1 1 0 1 1 0 1 1 0 1 1 0 1 0 1 1 0 0 0 0 1 1 0 0 0 0 1 1 0 0 0 0 1 0 0 1 1 1 0 1 1 1 0 0 1 1 0 0 0 0 0 1 0 0 1 1 1 1 0 0 1 1 0 0 1 1 1 1 1 0 0 1 0 0 1 0 1 0 0 1 1 0 0 1 0 1 0 0 1 0 1 0 1 0 0 1 1 1 0 1 0 1 1 1 1 1 1 1 0 0 1 1 1 0 1
090010 102 1 1 0 0 0 1 1 1 0 1 0 0 1 1 0 1 0 0 0 0 0 1 1 1 0 1 1 1 0 0 1 0 1 1 1 1 1 0 0 0 1 0 1 1 0 1 1 0 0 0 0 1 0 0 0 0 1 0 0 1 0 1 1 0 1 1 0 1 1 0 1 0 1 1 0 1 0 1 0 0 1 0 1 0 0 1 0 1 0 0 1 1 1 1 1 1 0 1 0 1 1 0 0 0 1 1 1 1 0 0 0 0 0 0 1 0 0 0 1 1 0 0 1 0 0 0 1 0 0 1 1 0 1 1 1 1 1 1 0 0 0 0 1 0 0 1 0 0 0 1 0 1 0 1 0 1 1 0 0 0 1 1 1 1 1 0 0 0 0 1 1 0 1 1 1 0 1 1 1 1 0 0 0 0 1 1 0 1 0 0 0 0 0 0 1 0 0 1 1 1 0 0 1 0 0 0 1 0 1 1 0 0 0 0
092900 096 0 1 0 1 1 1 0 0 1 0 0 1 1 0 0 1 0 0 0 1 1 0 0 0 0 1 1 0 1 0 1 1 1 0 0 0 1 0 0 0 0 1 0 0 1 1 1 0 1 0 0 0 1 0 1 1 0 0 0 0 0 0 0 0 0 1 1 1 1 0 0 0 1 0 0 1 0 0 1 1 1 1 1 0 1 0 0 1 1 0 0 0 1 0 0 0 0 1 0 1 1 0 1 0 1 0 0 1 0 0 0 1 0 0 1 0 1 1 1 1 0 0 1 0 1 0 1 1 1 0 1 0 1 1 1 1 1 0 1 0 0 0 0 1 0 0 0 0 0 1 0 1 0 1 0 1 1 0 1 0 0 0 0 0 1 0 1 1 1 1 1 1 0 1 0 0 0 0 1 0 1 0 0 0 1 0 1 0 1 1 0 1 1 0 0 0 1 1 0 0 1 0 0 1 1 0 1 0 0 1 0 1 0 1
001114 094 0 0 0 1 0 0 1 0 0 1 1 0 1 1 0 1 1 0 0 1 1 1 0 0 1 1 0 0 0 0 0 0 0 0 1 1 0 0 0 0 0 1 0 0 1 1 0 0 0 0 0 1 1 1 1 0 1 1 1 1 0 0 0 0 1 1 1 0 0 0 0 1 1 0 0 0 1 0 1 1 1 0 0 0 0 1 1 1 0 1 0 1 1 1 1 1 1 1 0 0 1 0 0 1 0 1 1 1 0 0 1 0 1 0 0 0 0 1 0 1 1 0 0 0 1 0 0 0 0 1 1 0 0 1 0 1 0 0 1 0 0 1 1 0 1 0 1 0 0 1 0 1 0 0 1 1 0 1 0 1 0 0 0 0 0 1 0 0 0 0 1 0 1 1 0 0 1 0 1 0 0 0 0 0 1 0 1 1 1 0 0 0 0 1 1 0 1 0 1 0 1 1 1 1 1 0 0 0 0 1 0 0 1 1
001562 114 0 1 0 0 0 1 0 0 1 1 1 0 1 0 1 1 1 1 1 0 0 0 0 0 0 1 0 1 1 1 1 0 1 0 0 0 0 1 0 1 1 1 1 1 0 1 1 1 1 1 1 1 1 1 1 1 0 1 1 1 1 0 1 0 1 0 0 1 0 1 1 0 0 1 0 0 1 0 0 0 1 1 0 1 0 1 0 0 1 0 0 0 1 0 1 1 0 0 0 0 1 0 1 1 1 1 0 1 0 0 1 1 0 0 0 0 0 0 0 0 0 0 1 0 1 1 1 1 1 1 0 0 1 0 1 1 0 0 1 0 0 1 0 0 0 1 0 1 0 0 0 1 0 0 1 0 1 0 0 1 1 1 1 1 1 1 1 1 1 1 0 0 1 0 1 1 1 0 1 1 1 1 1 1 0 0 0 1 1 0 0 0 0 1 1 1 0 1 1 0 0 1 1 1 1 1 0 0 1 1 0 0 1 0
010953 109 1 0 1 0 0 1 0 1 0 1 0 1 1 1 1 1 1 0 1 0 1 0 1 0 1 1 1 1 0 1 1 0 1 0 0 1 1 0 1 0 1 0 1 0 1 0 0 1 0 1 0 0 1 1 0 1 1 0 0 0 0 1 0 0 0 0 0 0 1 1 1 1 1 0 0 1 1 1 0 1 0 0 1 0 0 1 0 1 0 0 1 1 0 0 1 1 1 0 1 0 0 0 0 1 1 1 1 1 1 1 0 1 0 1 0 1 1 1 1 0 1 0 1 1 0 0 0 1 1 0 1 0 0 0 1 1 1 0 0 1 1 1 1 0 1 0 1 1 0 1 1 0 1 0 1 0 1 1 1 0 0 0 1 0 1 0 0 1 0 1 0 1 1 0 1 0 0 0 0 1 0 1 0 0 0 0 1 1 0 0 0 0 1 0 0 1 0 0 0 1 1 1 0 0 1 0 1 0 1 1 0 1 0 0
012983 112 0 1 0 0 1 0 0 0 1 1 1 1 1 0 0 0 0 1 1 0 0 1 0 0 0 0 0 1 1 1 0 1 1 0 1 0 1 1 1 1 1 0 1 1 0 1 1 1 0 1 0 1 1 0 0 1 0 0 1 0 1 0 1 1 1 1 1 1 1 1 0 1 1 0 1 1 1 1 0 1 1 0 1 1 1 1 0 0 1 1 1 1 0 0 1 0 1 0 1 0 1 1 0 0 0 0 1 0 0 1 0 0 1 0 1 0 1 1 0 1 0 0 1 1 0 0 0 0 1 1 1 0 1 0 0 1 0 1 0 1 0 0 1 1 0 0 0 0 1 0 0 0 0 0 0 0 0 1 1 1 1 1 0 1 1 0 0 1 0 1 1 1 1 0 1 0 0 0 1 1 0 0 1 1 0 1 0 0 0 0 1 1 1 0 0 0 1 0 0 1 1 0 1 1 0 1 0 1 0 1 1 0 1 1
012985 106 0 0 0 1 0 0 0 0 1 1 1 1 0 0 1 0 1 1 1 0 1 0 1 0 1 1 0 1 1 0 1 0 1 1 1 1 0 1 0 0 1 1 1 0 0 1 0 0 1 1 0 1 0 1 1 0 1 0 1 0 1 0 1 1 0 0 1 1 1 0 1 0 1 1 1 1 0 1 1 1 0 0 0 0 1 0 0 1 0 1 1 0 0 0 0 1 1 1 1 0 0 0 0 0 1 0 1 0 1 0 0 0 0 0 1 0 1 0 1 0 0 1 1 0 0 1 0 1 0 0 0 0 0 1 0 0 1 0 1 1 0 0 0 1 0 1 0 0 0 0 1 1 1 1 1 1 0 1 1 0 1 1 0 1 0 1 0 1 0 0 1 0 0 1 1 1 1 0 0 1 1 1 0 1 1 1 0 0 0 0 1 1 0 1 0 0 0 1 0 1 1 0 0 1 0 0 1 0 0 1 1 1 0 1
013414 107 0 1 0 0 0 0 1 0 1 1 0 1 1 0 0 1 0 0 1 1 0 1 1 1 1 1 0 1 1 0 0 0 1 1 0 0 0 1 1 1 1 0 0 0 0 0 0 0 0 1 1 0 1 1 1 1 0 0 1 1 1 0 0 1 1 1 0 1 1 1 0 0 0 0 0 1 0 0 1 0 1 1 1 0 0 0 0 1 1 1 1 1 0 1 0 0 0 1 1 0 1 0 0 1 1 1 1 1 1 1 0 0 1 0 0 1 0 0 0 0 0 0 1 1 0 1 1 1 0 0 1 0 1 1 1 1 0 0 1 0 1 0 0 1 1 0 0 1 0 1 1 0 0 0 1 0 1 1 1 1 0 1 0 1 0 1 0 1 1 0 0 1 0 1 1 1 0 0 1 0 0 0 1 1 1 0 0 0 0 0 1 1 1 0 0 0 1 0 0 1 1 1 0 0 0 0 1 1 0 1 0 1 1 0
014481 099 0 0 0 0 1 0 1 1 0 1 1 1 1 1 0 0 1 1 0 0 0 0 1 0 0 1 1 1 0 0 0 0 0 0 1 0 0 0 0 1 1 1 0 1 1 1 1 1 0 1 1 1 0 0 1 1 0 0 0 1 1 0 0 0 0 1 1 0 1 0 0 1 1 0 0 0 1 0 0 0 0 0 0 1 0 1 0 0 0 1 1 1 1 0 1 0 0 0 0 1 0 1 1 0 0 0 1 0 1 1 0 1 0 0 0 1 1 1 0 0 1 1 0 1 1 0 1 1 1 1 0 0 1 0 0 0 1 0 0 1 1 1 1 1 1 0 1 0 1 0 1 0 0 0 0 1 1 1 0 0 0 0 1 0 1 0 0 1 0 1 1 1 1 0 0 0 1 1 0 0 1 0 1 0 0 0 0 0 0 0 0 0 1 0 1 0 1 0 1 0 1 0 1 1 0 1 1 1 0 1 0 1 1 0
014814 106 0 0 1 0 1 0 0 1 0 0 0 1 0 0 0 0 1 1 0 0 0 1 1 0 1 0 1 1 1 0 1 1 0 0 1 0 1 1 1 1 0 0 0 0 1 1 1 0 1 1 1 0 1 1 1 0 1 1 1 0 0 0 1 1 1 1 0 0 1 0 0 1 0 0 0 1 0 1 0 1 0 0 1 1 1 0 0 1 1 1 1 1 1 1 0 0 1 1 1 0 0 1 1 0 1 1 0 0 0 0 0 1 1 0 0 1 0 0 0 1 0 1 0 0 1 1 0 0 0 1 1 0 0 1 0 1 0 1 1 1 1 0 0 0 0 1 1 0 0 0 1 1 1 0 0 1 0 0 0 1 0 0 0 0 1 1 0 0 1 1 0 1 1 1 0 1 1 1 1 0 0 0 0 0 0 0 1 1 1 0 0 1 0 0 1 1 1 0 0 0 0 1 1 1 0 0 0 1 0 1 1 1 1 1
015017 113 0 0 0 0 0 1 1 0 1 0 1 0 1 0 0 1 0 1 1 1 0 1 1 1 1 0 0 1 0 1 0 1 0 0 1 1 1 0 1 0 1 0 1 0 1 0 1 1 1 1 1 0 1 0 1 1 0 1 1 1 0 1 0 0 0 0 0 0 1 0 1 1 0 0 0 1 1 1 1 1 0 1 1 1 1 1 1 1 0 1 0 1 1 0 0 1 1 1 0 1 1 1 0 1 0 0 0 1 0 0 0 0 1 1 0 1 0 1 0 0 1 1 1 1 1 1 1 0 0 1 1 0 1 0 0 1 1 1 0 1 1 0 1 0 1 1 1 0 0 1 1 0 1 1 1 0 1 0 1 1 0 0 1 1 0 1 1 0 0 1 0 0 1 0 0 0 0 0 0 1 1 0 1 0 0 0 1 1 1 0 1 0 1 0 0 0 1 0 1 0 0 1 0 1 0 0 1 0 0 0 0 0 1 1
017182 111 0 1 1 1 1 0 1 1 1 1 1 0 0 0 0 1 0 1 1 1 1 1 1 0 1 0 1 0 0 1 1 0 1 1 1 1 1 1 0 0 1 1 0 0 0 1 1 0 1 0 0 1 0 1 1 0 1 0 0 0 1 0 0 0 0 0 0 1 0 0 0 1 0 0 1 1 1 1 0 1 1 1 0 1 1 0 0 1 1 0 1 1 0 0 1 0 1 0 0 0 0 1 1 1 0 0 0 0 1 0 0 0 1 0 1 1 0 1 1 0 1 1 1 1 1 1 1 0 1 1 0 0 0 0 1 1 0 0 1 0 1 0 0 0 1 0 0 0 0 1 0 1 0 0 0 0 1 1 0 0 0 1 0 1 1 1 1 1 1 0 1 0 1 1 1 0 1 0 0 0 0 0 1 0 0 1 1 0 1 1 0 1 0 0 0 1 1 1 1 0 1 1 0 0 1 1 1 1 0 1 0 0 1 1
018853 090 0 0 0 1 0 1 0 0 0 1 0 0 1 1 1 0 1 0 1 1 1 1 0 0 0 0 0 0 0 1 0 0 1 0 1 0 1 1 1 0 0 0 0 0 0 0 0 1 1 0 0 0 1 1 1 1 0 0 0 0 1 0 0 1 1 0 1 1 1 0 1 0 1 0 0 0 0 1 1 0 0 0 1 0 0 1 1 0 0 0 1 1 1 1 1 0 0 0 0 1 1 1 1 1 0 0 0 0 1 1 1 0 1 1 0 0 1 1 0 0 0 0 0 0 1 1 1 0 1 1 0 1 0 1 1 0 0 1 1 1 0 0 0 0 0 1 1 1 0 1 1 0 0 0 1 1 0 1 0 0 0 0 0 0 1 1 1 1 0 0 1 0 1 1 0 0 0 0 0 1 0 0 0 1 1 0 0 1 0 0 0 0 0 0 1 0 0 1 0 0 1 1 1 0 0 0 0 0 0 0 1 1 0 0
018943 116 1 0 1 1 0 0 1 1 1 0 0 0 0 1 1 0 0 0 0 1 1 1 0 0 0 1 0 1 0 0 0 0 1 1 1 0 1 1 1 0 1 1 1 1 0 1 1 1 0 0 1 0 1 1 1 1 0 0 1 1 0 0 1 0 1 1 1 1 1 0 1 0 1 0 1 1 0 1 1 1 0 0 0 0 0 0 1 0 0 0 1 1 1 1 0 1 0 1 1 0 1 1 0 1 0 1 1 1 1 1 1 1 1 1 1 0 1 1 0 0 1 1 1 1 0 1 0 1 1 0 0 1 1 0 0 0 1 0 1 1 0 1 0 0 1 1 0 1 1 0 0 0 0 0 1 1 0 1 1 0 0 0 0 0 1 0 1 0 0 0 0 1 0 0 0 1 1 1 0 0 1 1 0 1 1 0 0 0 0 1 1 0 0 1 0 0 1 0 1 1 0 1 1 1 1 0 0 1 1 1 1 1 1 0
029413 111 1 0 0 1 1 1 1 0 1 1 1 1 0 1 0 0 1 0 0 1 1 0 1 0 0 1 0 1 1 0 0 1 1 1 1 1 1 0 1 0 0 1 1 1 1 1 1 1 1 1 1 1 1 0 0 1 0 1 1 0 1 1 1 0 0 0 1 1 0 1 0 1 0 0 0 0 1 1 0 0 1 0 1 1 1 0 1 0 1 1 0 0 1 0 0 0 1 0 1 0 0 1 0 1 0 0 0 0 1 1 1 1 0 0 1 0 0 0 1 0 0 1 0 1 0 0 1 0 1 0 1 1 1 0 0 1 0 1 1 1 1 0 0 1 0 0 0 1 1 1 1 1 1 1 1 0 1 0 1 0 0 0 1 0 1 0 0 0 0 1 1 0 1 0 1 1 0 1 0 1 1 0 0 0 1 1 0 0 0 0 1 0 1 0 0 0 1 0 0 0 0 0 0 0 0 0 1 1 1 1 1 1 1 0
036152 112 1 1 1 0 1 1 0 0 1 0 1 0 0 0 1 0 1 1 0 1 0 1 0 1 1 0 0 1 0 1 1 1 0 0 1 0 0 1 0 0 1 0 1 1 1 0 1 0 1 0 1 0 1 0 1 0 1 0 0 0 0 1 1 1 1 1 1 1 1 0 1 1 0 1 0 1 0 0 1 0 0 0 0 1 0 1 0 1 1 1 1 1 1 0 0 0 0 1 0 0 1 1 0 1 1 0 1 0 0 0 1 1 0 1 0 0 1 0 1 0 0 0 1 0 0 1 0 1 1 0 0 1 1 0 1 1 1 1 0 1 1 0 1 0 0 1 0 0 0 0 1 0 1 1 0 1 0 1 1 1 1 1 0 0 0 1 0 0 1 0 0 0 1 0 1 0 1 1 0 0 1 0 1 1 0 0 1 0 1 1 1 1 1 0 1 1 0 0 1 0 1 1 0 0 0 1 0 0 1 1 1 1 1 1
036232 113 0 1 1 0 1 1 1 1 0 1 1 0 0 0 1 0 1 1 0 1 0 1 1 0 1 1 1 0 0 1 1 1 0 0 0 1 0 0 1 0 0 1 1 1 1 0 0 1 0 1 1 0 0 0 0 0 1 1 1 0 1 1 1 0 0 0 0 1 1 0 1 0 0 0 1 0 0 0 0 0 1 1 1 1 0 1 1 0 1 0 0 1 1 1 0 1 0 0 0 0 1 1 1 0 1 0 0 1 1 0 1 1 0 1 1 1 0 1 1 0 0 1 0 1 0 1 0 1 1 1 1 1 0 1 0 1 1 1 0 1 1 1 0 0 1 0 0 0 0 0 0 1 1 0 0 1 1 0 1 1 0 0 1 1 0 1 1 1 0 1 1 0 1 1 0 1 0 1 1 1 0 1 1 0 1 0 0 1 0 0 0 0 1 1 0 0 0 0 0 1 0 0 1 1 0 1 1 1 0 1 1 0 0 1
036821 102 0 1 0 1 1 1 0 0 0 0 1 1 1 0 1 1 1 0 1 0 1 1 0 0 1 1 0 1 0 1 1 1 0 1 0 1 0 0 0 1 0 0 1 1 0 0 0 0 1 0 1 1 0 1 0 1 1 0 0 0 0 0 0 0 1 1 0 0 1 1 0 1 0 0 0 1 1 1 0 1 0 1 0 0 1 0 0 0 0 1 0 1 0 0 0 1 1 1 0 0 1 0 0 0 1 0 1 0 0 1 0 1 0 0 0 0 1 1 0 1 1 0 0 1 0 1 0 1 0 0 1 1 0 0 1 0 0 0 0 0 1 0 0 1 0 0 1 1 0 1 1 1 1 1 0 0 1 1 1 0 1 0 1 1 1 0 0 0 0 1 1 1 0 1 0 0 0 1 1 1 1 1 0 1 1 0 0 0 0 1 0 1 1 0 1 0 1 0 0 0 0 1 1 1 1 0 1 1 0 1 1 0 0 1
040311 101 0 0 0 1 1 1 0 0 0 1 1 0 0 0 0 1 0 1 0 0 1 1 0 1 0 1 0 0 0 0 1 0 0 1 1 0 1 0 0 0 1 1 1 1 1 1 0 0 1 0 0 0 0 0 1 1 0 0 1 0 0 0 0 0 1 1 0 0 1 0 0 1 0 1 0 1 1 0 1 1 1 1 1 0 1 1 1 0 1 1 1 0 0 1 1 1 1 1 0 1 1 1 0 0 0 0 0 0 1 0 0 1 0 0 1 0 1 1 0 0 0 1 0 0 0 1 1 1 1 1 1 0 0 0 0 0 0 1 1 0 1 0 0 0 1 1 1 0 0 1 1 0 0 0 0 1 0 1 0 1 0 0 1 1 1 0 0 0 1 1 0 1 1 1 1 1 0 1 0 0 0 1 0 0 0 1 1 1 1 0 0 0 0 0 1 0 0 1 0 0 1 0 0 1 1 1 0 0 1 0 1 1 1 1
040331 100 0 0 0 0 1 0 0 1 1 0 1 0 1 1 1 0 1 0 0 0 1 0 0 0 0 0 0 1 0 0 0 1 1 1 1 1 1 0 0 0 0 0 1 1 0 1 1 0 1 0 1 0 0 0 0 1 0 0 0 1 1 0 1 0 1 0 1 1 1 0 0 0 1 0 0 0 0 1 0 1 1 0 1 0 0 0 0 1 0 0 0 0 0 1 1 1 0 1 1 1 0 0 1 0 1 0 1 1 1 0 0 0 0 1 0 0 1 1 0 1 1 0 0 1 1 0 1 0 0 1 1 0 1 0 1 1 1 0 1 0 1 1 0 0 1 0 1 1 0 0 0 0 1 0 1 1 1 0 1 1 1 1 1 0 1 1 0 1 0 0 1 1 1 1 0 0 0 0 1 1 1 0 1 1 0 1 1 1 1 1 0 0 1 1 0 0 1 0 0 1 0 1 0 0 0 0 0 0 0 0 0 0 1 1
052283 100 0 1 1 0 0 0 0 0 1 0 0 1 0 0 1 0 0 0 1 0 1 0 0 0 0 0 1 0 1 1 0 0 1 0 0 1 0 0 1 1 1 0 1 0 0 1 1 1 1 0 1 1 0 0 1 0 1 0 1 0 1 0 0 0 1 0 1 1 0 1 1 1 1 1 1 0 1 1 0 1 1 1 0 0 1 0 1 1 0 1 1 0 0 0 0 0 1 0 0 0 0 1 0 0 1 0 0 1 1 0 1 0 1 1 1 0 1 0 1 0 0 0 0 0 1 0 0 1 1 0 1 0 1 1 0 1 1 1 0 0 1 0 0 1 0 0 1 0 1 0 1 1 0 0 0 0 0 0 1 1 1 1 0 1 0 0 1 0 1 1 1 0 0 0 0 1 1 1 0 0 1 0 0 1 1 1 0 0 1 0 1 1 1 1 1 0 1 0 1 0 1 0 0 0 1 0 0 0 0 0 1 0 1 1
052284 111 0 1 1 1 0 0 0 0 0 0 1 1 1 0 1 1 1 1 1 0 1 0 1 0 1 1 1 1 1 0 0 0 1 1 0 1 1 1 0 0 0 0 1 0 1 1 0 1 0 1 1 0 0 1 1 0 0 1 1 0 1 0 1 1 1 1 1 0 1 0 1 1 0 1 1 0 1 0 1 1 1 0 1 1 0 1 1 1 1 0 0 1 1 0 1 1 1 1 1 0 0 1 1 1 1 1 0 1 1 0 0 1 1 1 0 1 0 0 1 1 0 0 0 0 0 0 1 1 0 0 0 1 0 0 0 1 1 0 0 0 1 1 0 1 0 0 1 1 0 1 0 1 0 1 0 1 0 0 0 1 0 0 0 1 0 1 1 1 1 0 0 0 0 0 0 0 0 1 0 1 1 1 0 1 1 0 1 0 0 1 1 0 0 1 1 0 0 1 1 0 0 0 0 0 1 0 1 0 0 1 0 0 1 0
053472 114 1 0 1 1 1 0 1 1 1 1 0 1 1 0 0 1 1 1 1 0 1 1 1 1 1 0 1 0 0 0 0 1 1 0 1 1 0 0 1 1 0 0 1 1 0 1 0 1 1 0 0 0 0 1 1 1 0 0 1 1 1 0 0 0 0 0 0 0 1 0 1 1 1 1 1 0 0 1 0 0 1 0 1 0 0 0 1 0 1 0 0 1 0 0 1 1 0 0 0 1 1 1 1 0 0 1 0 1 0 0 0 0 1 1 1 1 1 1 0 0 0 0 1 1 1 0 0 0 1 0 1 1 0 0 1 0 1 1 1 0 1 1 0 0 1 1 0 1 1 1 1 0 1 0 1 1 0 0 0 1 1 0 0 0 1 1 1 0 0 0 1 1 0 1 0 0 0 1 0 1 1 0 1 1 1 0 1 1 0 1 1 1 0 0 1 0 0 1 1 1 0 0 0 0 1 1 0 1 0 1 1 1 1 0
053522 105 0 0 1 0 1 1 1 1 1 0 0 1 0 1 0 0 0 0 0 1 1 0 0 0 0 0 1 0 0 1 0 1 0 0 1 0 1 0 1 1 1 0 1 1 1 1 1 0 0 1 0 0 1 0 0 1 1 0 1 1 0 1 0 1 0 0 0 1 1 1 1 1 1 0 0 1 1 0 0 0 0 1 0 1 0 1 1 1 1 1 0 1 0 0 1 1 0 1 1 0 0 1 0 1 0 1 1 0 1 0 0 1 1 0 1 0 1 1 0 1 0 1 0 1 1 1 1 0 0 0 0 1 1 1 0 1 0 1 0 0 1 0 0 1 0 0 1 0 0 1 0 0 1 1 0 0 0 0 0 1 0 1 0 1 1 0 0 0 1 1 1 1 0 0 1 0 1 0 0 1 1 0 1 1 1 1 0 0 0 0 0 0 1 0 1 0 0 0 1 1 0 1 1 1 0 0 0 1 1 1 0 0 1 0
053523 103 0 1 0 0 0 1 1 0 0 0 0 0 1 1 1 1 1 0 1 1 0 1 0 1 1 1 0 1 0 1 1 0 0 0 0 1 0 1 1 1 0 0 0 0 0 1 1 0 1 0 1 0 0 0 0 1 0 0 0 1 1 0 0 1 0 1 0 0 1 0 0 0 0 0 1 1 0 0 1 0 1 0 1 0 1 1 1 1 0 0 1 0 0 0 1 1 0 1 1 1 1 1 1 1 1 1 1 0 0 1 0 0 0 1 0 0 0 0 0 1 1 1 0 1 0 0 1 0 1 1 0 1 0 0 0 1 0 1 1 1 1 1 0 1 1 1 1 0 0 0 0 1 0 0 0 0 1 0 1 1 0 1 0 1 1 0 1 1 1 1 1 0 1 0 1 1 0 1 0 1 1 0 0 0 1 0 1 0 0 1 0 0 1 0 0 0 1 1 0 1 0 0 0 1 0 0 1 0 1 0 1 0 1 0
053540 104 0 0 0 0 1 1 1 0 0 0 0 1 0 1 1 1 1 0 0 0 1 0 0 0 0 1 1 0 1 1 1 0 0 0 0 0 0 1 1 1 0 1 0 1 1 1 1 0 0 1 1 0 1 1 1 0 0 1 0 0 1 0 0 1 0 0 0 1 1 0 1 0 0 1 0 1 0 1 1 1 1 0 1 1 0 0 0 1 0 0 1 1 1 1 0 0 1 0 0 1 1 0 1 0 0 1 1 0 0 0 1 1 1 0 1 1 1 1 0 1 0 1 0 1 0 0 0 0 1 0 0 1 0 1 0 1 0 0 0 1 0 1 1 0 0 1 1 0 1 1 1 0 0 0 0 0 0 1 0 1 1 0 0 1 1 0 1 1 0 0 0 0 1 1 1 0 1 1 0 0 1 1 1 0 0 1 0 1 1 1 0 1 1 0 0 1 0 1 1 0 0 0 1 0 0 1 0 0 1 1 0 0 1 1
054951 100 1 0 1 1 0 0 1 1 1 0 1 0 1 1 0 1 0 0 1 0 0 0 0 0 1 0 0 1 0 0 1 1 0 0 1 1 0 1 0 0 0 1 1 0 1 1 1 1 0 1 1 0 0 0 1 1 0 1 0 1 0 1 1 0 1 1 0 0 1 1 0 1 0 0 1 1 1 1 1 1 0 0 1 0 1 0 0 1 0 1 1 1 0 0 0 1 1 1 1 0 0 0 0 1 1 1 0 0 0 1 1 1 1 0 0 0 0 0 1 1 1 0 0 1 0 0 0 0 0 0 1 1 0 1 1 0 0 1 0 1 0 1 0 0 1 1 0 1 0 0 1 0 1 0 1 1 0 0 1 0 0 0 0 1 1 0 1 0 0 0 0 1 0 0 1 1 0 1 0 1 0 0 0 0 0 0 1 0 1 1 1 0 1 0 1 1 0 1 1 0 0 0 0 1 1 0 0 0 0 1 1 0 0 0
056210 098 0 1 1 1 1 0 1 0 0 0 0 1 0 0 1 0 0 1 1 1 1 1 1 1 1 0 0 0 0 1 0 1 0 1 0 0 0 1 0 0 0 1 1 1 1 0 0 1 1 0 1 1 1 0 1 0 1 0 0 0 1 1 0 1 0 1 1 0 1 0 0 1 0 1 1 0 1 0 1 1 0 0 1 0 0 1 1 0 1 1 0 1 0 1 0 0 0 0 1 0 0 1 1 1 1 0 0 1 0 0 0 1 1 1 0 1 1 0 1 1 1 1 0 1 1 1 0 1 1 0 0 1 0 0 1 0 1 1 1 0 1 0 1 0 1 0 0 0 0 0 1 0 1 1 0 1 0 1 0 1 0 0 1 0 0 0 0 0 0 0 0 0 0 1 0 0 1 1 0 0 0 1 0 0 1 1 0 0 0 0 0 0 0 0 1 1 1 0 0 1 0 0 0 0 1 1 1 0 0 1 0 0 0 0
056221 129 0 0 0 1 1 1 1 1 1 0 1 1 1 0 1 0 0 1 1 1 1 1 1 1 1 1 0 1 1 1 1 1 0 1 0 0 1 1 1 1 1 0 0 0 0 1 1 1 1 1 1 1 1 1 0 0 1 0 0 0 1 1 1 0 0 0 1 0 0 0 0 1 1 0 0 0 1 0 0 1 0 0 1 1 1 1 1 1 1 1 0 0 0 0 0 0 1 0 1 1 0 0 1 1 0 0 1 0 1 1 1 1 1 1 0 0 1 1 0 1 0 1 0 1 1 1 1 0 1 0 0 0 1 0 1 0 1 1 1 0 1 1 0 1 0 0 1 0 1 1 1 1 1 1 1 0 1 0 1 1 0 0 0 0 1 1 0 1 1 1 0 0 0 1 0 0 0 0 0 1 1 1 1 1 1 1 1 1 1 1 1 0 1 0 1 1 1 1 1 0 0 0 1 1 1 0 1 1 1 0 1 1 1 0
056262 099 1 0 0 1 0 1 1 1 0 1 1 1 1 1 0 1 1 0 0 0 0 0 0 0 1 0 1 0 1 0 1 0 0 1 1 0 1 1 0 0 1 0 1 0 1 1 1 1 0 1 0 0 1 0 1 0 1 1 0 1 0 0 0 0 0 0 1 1 0 0 0 1 0 0 1 1 0 0 0 1 0 0 1 0 0 0 0 0 0 0 1 0 0 0 1 1 0 1 1 0 1 0 1 0 1 1 1 0 0 1 0 1 1 0 1 0 1 1 0 1 0 0 0 1 0 0 0 1 1 1 1 0 0 1 1 0 0 1 0 1 0 0 0 1 1 0 0 1 0 1 0 0 0 0 0 1 0 1 1 1 0 0 1 0 1 0 1 1 0 1 0 0 1 1 1 0 0 0 1 0 1 0 0 0 0 0 1 1 0 0 1 0 0 1 1 1 1 1 1 1 0 1 0 1 0 1 0 1 0 1 0 1 0 0
062261 104 0 1 0 1 1 0 0 0 0 0 0 0 1 1 1 1 1 0 0 1 0 0 1 1 0 1 1 1 1 1 1 0 0 0 0 0 0 1 0 1 1 1 0 0 0 0 1 1 1 0 1 1 0 1 0 1 1 0 1 1 1 0 0 1 0 1 0 1 1 1 0 1 1 1 0 1 1 0 0 0 1 1 0 1 1 0 0 1 1 0 0 1 0 1 1 1 0 1 0 0 0 1 1 1 0 0 1 0 0 0 0 1 0 0 0 0 0 1 0 1 1 1 0 1 1 1 0 0 0 0 0 0 0 1 1 1 0 0 1 1 0 1 1 1 0 1 0 1 1 0 0 0 1 1 1 0 0 0 1 0 0 0 1 0 1 0 0 1 0 0 0 1 0 1 1 1 0 1 0 0 1 0 1 0 0 1 0 1 1 1 1 0 0 1 1 1 1 0 0 1 0 0 0 1 0 0 0 0 0 1 1 0 1 0
062280 113 0 1 1 1 1 1 0 0 0 1 1 1 1 1 1 0 0 1 1 1 1 0 1 1 1 1 0 1 1 0 1 0 1 1 1 0 0 1 0 1 1 0 0 0 0 0 1 0 1 1 0 1 1 1 0 0 0 1 0 1 0 0 1 0 1 1 1 0 1 1 0 1 1 0 0 0 1 0 0 0 1 0 1 0 0 0 0 1 0 0 1 1 1 1 0 0 0 0 0 0 1 1 0 0 1 0 1 1 1 1 0 0 0 0 1 1 1 0 0 1 0 1 0 0 0 1 0 0 1 1 0 0 1 0 0 0 1 0 1 0 0 1 0 1 1 0 1 1 0 1 1 0 0 0 1 1 1 1 1 0 1 1 0 0 0 0 1 0 1 1 1 0 1 0 0 1 1 0 0 1 0 0 0 1 1 0 1 0 1 1 1 1 1 0 1 1 1 0 0 1 1 1 1 1 1 1 1 0 0 1 0 1 0 0
064650 102 1 1 1 0 1 1 0 0 0 0 1 0 0 1 0 0 1 1 1 1 1 0 1 1 1 0 1 1 1 0 0 1 1 0 0 1 0 0 0 1 0 1 0 0 0 1 0 0 1 1 1 0 1 0 0 0 1 1 1 1 1 0 1 0 0 1 0 0 1 0 1 0 1 0 1 1 0 0 0 0 1 0 0 0 1 1 0 0 1 0 0 1 0 0 0 1 1 1 0 1 1 1 0 1 1 0 0 0 0 1 1 1 0 0 0 1 1 0 1 1 0 1 0 0 0 0 0 0 1 0 0 1 0 0 0 0 0 0 1 1 1 0 0 1 0 0 0 0 0 1 0 1 1 1 0 0 1 0 0 1 0 1 1 1 1 1 1 1 1 0 1 1 0 1 1 0 0 0 1 1 1 0 1 1 0 0 1 1 0 0 1 1 1 0 0 0 1 1 1 1 1 1 0 0 0 0 1 0 0 0 0 0 0 0
