<complete>
0 9
1 23
2 17
3 17
4 26
5 2
6 0	
7 5	
8 8	
9 2	
10 0
<professor>
0 2
1 1
2 1
3 0
4 1
5 1
6 2
7 0
8 1
9 0
10 1
11 1
12 1
13 1
14 2
15 2
<day>
0 10
1 14
2 15
3 11
4 9
5 0
<time>
0 18
1 14
2 14
<course>
0 1 1 6 1 7 001026 01188 01194 012652 01269 015902 053340
1 1 2 5 3 8 000548 015687 036721 053300 053370 053380 053390 059201
2 2 1 5 1 6 00020 015554 015593 015634 018104 019285
3 2 2 6 1 7 015576 015602 015623 015643 015704 047513 057530
4 3 1 5 3 8 014504 015565 015615 015712 015733 015752 040482 053492
5 0
6 0
7 0
8 0
9 0
<EOF>

