<complete>
0 9
1 23
2 23
3 12
4 28
5 2
6 0	
7 1	
8 5	
9 2	
10 2
<professor>
0 0
1 1
2 2
3 1
4 0
5 1
6 2
7 1
8 0
9 0
10 1
11 2
12 2
13 1
14 0
15 2
<day>
0 11
1 11
2 15
3 9
4 11
5 2
<time>
0 19
1 20
2 18
<course>
0 1 1 7 1 8 001026 01188 01194 012652 01269 015905 036721 053342
1 1 2 4 4 8 000548 015687 053300 053370 053380 053390 057530 059201
2 2 1 6 0 6 00020 015554 015593 015634 019285 040161
3 2 2 6 1 7 015576 015623 015643 015704 033573 047513 079050
4 3 1 5 2 7 015565 015615 015733 015752 015811 049701 056210
5 0
6 0
7 0
8 0
9 0
<EOF>

