<complete>
0 9
1 23
2 17
3 19
4 33	
5 0
6 2	
7 2	
8 3	
9 0	
10 6
<professor>
0 2
1 1
2 2
3 0
4 2
5 1
6 2
7 0
8 2
9 0
10 1
11 1
12 1
13 1
14 3
15 2
<day>
0 11
1 15
2 15
3 10
4 13
5 0
<time>
0 17
1 16
2 21
<course>
0 1 1 6 1 7 001028 01188 01194 012654 01269 015905 053341
1 1 2 6 2 8 000548 00290 003195 015576 015687 036721 053300 059201
2 2 1 6 1 7 00020 00316 015554 015593 015634 019285 040161
3 2 2 6 2 8 015602 015623 015643 015704 018943 033573 047513 049670
4 3 1 6 1 7 015565 015615 015712 015733 015752 038473 052284
5 0
6 0
7 0
8 0
9 0
<EOF>

