<complete>
0 9
1 23
2 17
3 14
4 29	
5 2
6 2	
7 2	
8 3	
9 2	
10 3
<professor>
0 1
1 1
2 3
3 2
4 2
5 1
6 1
7 0
8 1
9 0
10 1
11 1
12 2
13 1
14 1
15 1
<day>
0 11
1 14
2 15
3 10
4 11
5 0
<time>
0 19
1 18
2 15
<course>
0 1 1 7 1 8 01188 01194 012564 01269 015905 036376 036721 053341
1 1 2 5 2 7 000548 010491 015576 015687 053300 057530 059201
2 2 1 5 1 6 000020 015554 015593 015634 019285 036352
3 2 2 5 2 7 015623 015643 015704 033573 047513 049930 052284
4 3 1 6 0 6 015565 015615 015712 015773 015752 040161
5 0
6 0
7 0
8 0
9 0
<EOF>

